0 0.53125 0.5178571428571428 0.9464285714285714 0.5
6 0.8950892857142857 0.5982142857142857 0.05803571428571428 0.0625
1 0.6607142857142857 0.6049107142857143 0.026785714285714284 0.02232142857142857
1 0.4464285714285714 0.5669642857142857 0.017857142857142856 0.017857142857142856
1 0.4665178571428571 0.5602678571428571 0.013392857142857142 0.013392857142857142
6 0.5513392857142857 0.375 0.03125 0.017857142857142856
1 0.34598214285714285 0.4732142857142857 0.040178571428571425 0.026785714285714284
2 0.359375 0.6205357142857143 0.040178571428571425 0.03571428571428571
1 0.29464285714285715 0.390625 0.026785714285714284 0.02232142857142857
1 0.22991071428571427 0.4196428571428571 0.02232142857142857 0.017857142857142856
1 0.203125 0.44419642857142855 0.02232142857142857 0.02232142857142857
1 0.18526785714285712 0.47991071428571425 0.02232142857142857 0.02232142857142857
1 0.28348214285714285 0.5915178571428571 0.02232142857142857 0.02232142857142857
1 0.2232142857142857 0.5446428571428571 0.026785714285714284 0.017857142857142856
1 0.20535714285714285 0.5758928571428571 0.017857142857142856 0.017857142857142856
1 0.5401785714285714 0.5111607142857143 0.026785714285714284 0.02232142857142857
1 0.5669642857142857 0.6071428571428571 0.017857142857142856 0.017857142857142856
1 0.84375 0.5714285714285714 0.017857142857142856 0.017857142857142856
1 0.4040178571428571 0.6026785714285714 0.02232142857142857 0.017857142857142856
1 0.47991071428571425 0.37723214285714285 0.02232142857142857 0.03125
6 0.5267857142857143 0.6294642857142857 0.017857142857142856 0.017857142857142856
1 0.6183035714285714 0.6272321428571428 0.013392857142857142 0.013392857142857142
1 0.40625 0.5580357142857143 0.017857142857142856 0.017857142857142856
1 0.6316964285714285 0.49107142857142855 0.03125 0.017857142857142856
1 0.8794642857142857 0.48660714285714285 0.017857142857142856 0.017857142857142856
1 0.44866071428571425 0.4575892857142857 0.02232142857142857 0.02232142857142857
1 0.4620535714285714 0.42410714285714285 0.02232142857142857 0.017857142857142856
1 0.3013392857142857 0.59375 0.013392857142857142 0.017857142857142856
1 0.26785714285714285 0.39732142857142855 0.017857142857142856 0.017857142857142856
1 0.4933035714285714 0.609375 0.02232142857142857 0.02232142857142857
1 0.7120535714285714 0.4776785714285714 0.02232142857142857 0.017857142857142856
1 0.5178571428571428 0.36160714285714285 0.026785714285714284 0.017857142857142856
