0 0.6026785714285714 0.5803571428571428 0.5089285714285714 0.6339285714285714
1 0.5290178571428571 0.36160714285714285 0.03125 0.017857142857142856
3 0.5915178571428571 0.59375 0.02232142857142857 0.017857142857142856
3 0.5424107142857143 0.6071428571428571 0.02232142857142857 0.017857142857142856
3 0.5044642857142857 0.6495535714285714 0.017857142857142856 0.02232142857142857
3 0.59375 0.6763392857142857 0.017857142857142856 0.02232142857142857
3 0.6763392857142857 0.6517857142857143 0.02232142857142857 0.017857142857142856
3 0.625 0.5982142857142857 0.017857142857142856 0.017857142857142856
3 0.6517857142857143 0.7053571428571428 0.017857142857142856 0.017857142857142856
3 0.6004464285714285 0.6941964285714285 0.013392857142857142 0.013392857142857142
3 0.6495535714285714 0.7589285714285714 0.02232142857142857 0.017857142857142856
3 0.6517857142857143 0.734375 0.017857142857142856 0.02232142857142857
3 0.6049107142857143 0.7455357142857142 0.013392857142857142 0.017857142857142856
3 0.5401785714285714 0.6696428571428571 0.017857142857142856 0.017857142857142856
3 0.6071428571428571 0.5691964285714285 0.017857142857142856 0.013392857142857142
3 0.609375 0.7232142857142857 0.013392857142857142 0.017857142857142856
