0 0.421875 0.53125 0.4419642857142857 0.5446428571428571
2 0.28794642857142855 0.42857142857142855 0.049107142857142856 0.04464285714285714
2 0.31026785714285715 0.484375 0.05803571428571428 0.049107142857142856
2 0.42410714285714285 0.42857142857142855 0.04464285714285714 0.03571428571428571
2 0.3571428571428571 0.5357142857142857 0.05357142857142857 0.04464285714285714
2 0.453125 0.5535714285714285 0.05803571428571428 0.04464285714285714
2 0.3683035714285714 0.5982142857142857 0.049107142857142856 0.04464285714285714
2 0.47098214285714285 0.5892857142857143 0.049107142857142856 0.03571428571428571
2 0.5178571428571428 0.546875 0.026785714285714284 0.02232142857142857
2 0.4508928571428571 0.7276785714285714 0.04464285714285714 0.03571428571428571
2 0.5133928571428571 0.71875 0.04464285714285714 0.026785714285714284
2 0.5111607142857143 0.6607142857142857 0.09375 0.07142857142857142
2 0.4263392857142857 0.6450892857142857 0.06696428571428571 0.05803571428571428
2 0.5758928571428571 0.7120535714285714 0.026785714285714284 0.02232142857142857
