1 0.6852678571428571 0.5870535714285714 0.02232142857142857 0.013392857142857142
1 0.4308035714285714 0.6450892857142857 0.02232142857142857 0.03125
1 0.24553571428571427 0.6071428571428571 0.017857142857142856 0.017857142857142856
1 0.4977678571428571 0.7790178571428571 0.02232142857142857 0.02232142857142857
3 0.6808035714285714 0.5513392857142857 0.013392857142857142 0.013392857142857142
3 0.5982142857142857 0.5736607142857143 0.017857142857142856 0.013392857142857142
3 0.8013392857142857 0.6026785714285714 0.02232142857142857 0.017857142857142856
3 0.8169642857142857 0.6205357142857143 0.017857142857142856 0.017857142857142856
3 0.34375 0.609375 0.008928571428571428 0.013392857142857142
3 0.29464285714285715 0.5736607142857143 0.017857142857142856 0.013392857142857142
3 0.265625 0.71875 0.013392857142857142 0.008928571428571428
3 0.24553571428571427 0.7254464285714285 0.017857142857142856 0.013392857142857142
3 0.8482142857142857 0.609375 0.008928571428571428 0.013392857142857142
1 0.8504464285714285 0.71875 0.02232142857142857 0.017857142857142856
1 0.5290178571428571 0.5892857142857143 0.013392857142857142 0.008928571428571428
3 0.5089285714285714 0.6183035714285714 0.017857142857142856 0.013392857142857142
3 0.5892857142857143 0.5 0.017857142857142856 0.008928571428571428
0 0.5647321428571428 0.6428571428571428 0.8616071428571428 0.3214285714285714
