1 0.5959821428571428 0.5 0.02232142857142857 0.017857142857142856
1 0.6607142857142857 0.5044642857142857 0.017857142857142856 0.017857142857142856
1 0.7276785714285714 0.515625 0.017857142857142856 0.013392857142857142
1 0.4888392857142857 0.6361607142857143 0.02232142857142857 0.02232142857142857
1 0.42410714285714285 0.6316964285714285 0.017857142857142856 0.02232142857142857
1 0.31026785714285715 0.5334821428571428 0.02232142857142857 0.013392857142857142
1 0.27232142857142855 0.4263392857142857 0.017857142857142856 0.013392857142857142
1 0.37723214285714285 0.4352678571428571 0.02232142857142857 0.02232142857142857
1 0.7299107142857142 0.625 0.02232142857142857 0.008928571428571428
1 0.5401785714285714 0.6875 0.017857142857142856 0.017857142857142856
1 0.7321428571428571 0.7165178571428571 0.017857142857142856 0.013392857142857142
0 0.5223214285714285 0.5334821428571428 0.6696428571428571 0.4151785714285714
