0 0.37053571428571425 0.5714285714285714 0.5625 0.3482142857142857
4 0.7455357142857142 0.3638392857142857 0.30357142857142855 0.30803571428571425
1 0.5379464285714285 0.609375 0.013392857142857142 0.02232142857142857
1 0.40178571428571425 0.5513392857142857 0.017857142857142856 0.02232142857142857
1 0.35044642857142855 0.6138392857142857 0.02232142857142857 0.013392857142857142
1 0.3950892857142857 0.6607142857142857 0.02232142857142857 0.017857142857142856
1 0.46428571428571425 0.7008928571428571 0.017857142857142856 0.017857142857142856
1 0.3482142857142857 0.5647321428571428 0.017857142857142856 0.013392857142857142
2 0.20535714285714285 0.4665178571428571 0.017857142857142856 0.013392857142857142
2 0.28348214285714285 0.5066964285714285 0.03125 0.02232142857142857
