2 0.39285714285714285 0.23660714285714285 0.04464285714285714 0.05357142857142857
2 0.42857142857142855 0.3058035714285714 0.04464285714285714 0.05803571428571428
2 0.47098214285714285 0.31473214285714285 0.03125 0.040178571428571425
2 0.515625 0.2700892857142857 0.03125 0.049107142857142856
2 0.46875 0.37723214285714285 0.05357142857142857 0.06696428571428571
2 0.3883928571428571 0.46875 0.03571428571428571 0.04464285714285714
2 0.4821428571428571 0.5 0.04464285714285714 0.03571428571428571
2 0.5691964285714285 0.3883928571428571 0.040178571428571425 0.03571428571428571
2 0.4776785714285714 0.4464285714285714 0.05357142857142857 0.03571428571428571
2 0.6071428571428571 0.5379464285714285 0.05357142857142857 0.03125
0 0.484375 0.37723214285714285 0.5848214285714285 0.71875
