0 0.375 0.5848214285714285 0.5446428571428571 0.3214285714285714
4 0.7299107142857142 0.34375 0.2901785714285714 0.29464285714285715
1 0.546875 0.609375 0.013392857142857142 0.02232142857142857
1 0.40625 0.5602678571428571 0.017857142857142856 0.02232142857142857
1 0.359375 0.6272321428571428 0.02232142857142857 0.013392857142857142
1 0.40848214285714285 0.6696428571428571 0.02232142857142857 0.017857142857142856
1 0.4821428571428571 0.7008928571428571 0.017857142857142856 0.017857142857142856
1 0.3571428571428571 0.578125 0.017857142857142856 0.013392857142857142
2 0.20089285714285712 0.4933035714285714 0.017857142857142856 0.013392857142857142
2 0.28348214285714285 0.5290178571428571 0.03125 0.02232142857142857
