0 0.5133928571428571 0.49553571428571425 0.5089285714285714 0.5625
0 0.4732142857142857 0.8504464285714285 0.5357142857142857 0.29910714285714285
2 0.4263392857142857 0.3169642857142857 0.040178571428571425 0.05357142857142857
2 0.4575892857142857 0.6696428571428571 0.07589285714285714 0.026785714285714284
2 0.43973214285714285 0.7477678571428571 0.12053571428571427 0.09375
2 0.45982142857142855 0.46428571428571425 0.13392857142857142 0.10714285714285714
2 0.5892857142857143 0.8214285714285714 0.04464285714285714 0.04464285714285714
2 0.34375 0.9017857142857142 0.05357142857142857 0.05357142857142857
2 0.3526785714285714 0.4888392857142857 0.05357142857142857 0.05803571428571428
2 0.35491071428571425 0.4040178571428571 0.03125 0.049107142857142856
2 0.4888392857142857 0.6004464285714285 0.040178571428571425 0.03125
2 0.3839285714285714 0.578125 0.04464285714285714 0.040178571428571425
2 0.29241071428571425 0.9397321428571428 0.040178571428571425 0.10267857142857142
2 0.7209821428571428 0.4732142857142857 0.03125 0.026785714285714284
2 0.6986607142857143 0.5535714285714285 0.03125 0.04464285714285714
