3 0.40178571428571425 0.4620535714285714 0.05357142857142857 0.049107142857142856
3 0.5267857142857143 0.4732142857142857 0.08035714285714285 0.0625
3 0.5669642857142857 0.5580357142857143 0.08928571428571427 0.07142857142857142
3 0.6205357142857143 0.6450892857142857 0.08035714285714285 0.06696428571428571
3 0.5915178571428571 0.7165178571428571 0.08482142857142856 0.07589285714285714
3 0.5714285714285714 0.8102678571428571 0.03571428571428571 0.05803571428571428
3 0.6696428571428571 0.7477678571428571 0.0625 0.08482142857142856
3 0.34598214285714285 0.6205357142857143 0.049107142857142856 0.08035714285714285
3 0.34151785714285715 0.5424107142857143 0.040178571428571425 0.05803571428571428
3 0.4888392857142857 0.6116071428571428 0.05803571428571428 0.08035714285714285
3 0.6138392857142857 0.859375 0.040178571428571425 0.09375
3 0.3794642857142857 0.7165178571428571 0.04464285714285714 0.040178571428571425
3 0.35044642857142855 0.8013392857142857 0.03125 0.049107142857142856
3 0.5111607142857143 0.7299107142857142 0.03125 0.02232142857142857
3 0.6272321428571428 0.4888392857142857 0.07589285714285714 0.10267857142857142
3 0.4464285714285714 0.8102678571428571 0.026785714285714284 0.02232142857142857
3 0.5200892857142857 0.7723214285714285 0.040178571428571425 0.03571428571428571
3 0.41294642857142855 0.8348214285714285 0.049107142857142856 0.017857142857142856
0 0.5022321428571428 0.6852678571428571 0.43303571428571425 0.6383928571428571
