0 0.5424107142857143 0.5647321428571428 0.9151785714285714 0.7991071428571428
1 0.46428571428571425 0.36607142857142855 0.017857142857142856 0.03571428571428571
1 0.7209821428571428 0.5558035714285714 0.03125 0.049107142857142856
1 0.6160714285714285 0.5334821428571428 0.03571428571428571 0.040178571428571425
1 0.25669642857142855 0.7232142857142857 0.049107142857142856 0.08928571428571427
2 0.8013392857142857 0.5915178571428571 0.049107142857142856 0.08482142857142856
1 0.18080357142857142 0.3950892857142857 0.02232142857142857 0.049107142857142856
1 0.5892857142857143 0.78125 0.017857142857142856 0.04464285714285714
1 0.16741071428571427 0.6875 0.03125 0.03571428571428571
1 0.8616071428571428 0.4620535714285714 0.026785714285714284 0.040178571428571425
1 0.31473214285714285 0.6540178571428571 0.013392857142857142 0.02232142857142857
1 0.3839285714285714 0.7433035714285714 0.017857142857142856 0.03125
1 0.8147321428571428 0.5066964285714285 0.02232142857142857 0.02232142857142857
1 0.859375 0.6071428571428571 0.013392857142857142 0.017857142857142856
