3 0.5803571428571428 0.4419642857142857 0.03571428571428571 0.026785714285714284
3 0.4933035714285714 0.4888392857142857 0.03125 0.02232142857142857
3 0.47991071428571425 0.4620535714285714 0.03125 0.02232142857142857
1 0.5758928571428571 0.6183035714285714 0.03571428571428571 0.03125
1 0.6986607142857143 0.6071428571428571 0.03125 0.017857142857142856
1 0.46875 0.5803571428571428 0.026785714285714284 0.017857142857142856
1 0.5959821428571428 0.765625 0.03125 0.02232142857142857
1 0.328125 0.4040178571428571 0.049107142857142856 0.040178571428571425
1 0.359375 0.27678571428571425 0.02232142857142857 0.017857142857142856
3 0.27678571428571425 0.5446428571428571 0.026785714285714284 0.026785714285714284
0 0.5401785714285714 0.5111607142857143 0.6607142857142857 0.7008928571428571
