1 0.5602678571428571 0.4308035714285714 0.049107142857142856 0.03125
1 0.640625 0.2700892857142857 0.040178571428571425 0.03125
1 0.7366071428571428 0.25 0.017857142857142856 0.017857142857142856
1 0.609375 0.6227678571428571 0.02232142857142857 0.03125
1 0.421875 0.4821428571428571 0.03125 0.026785714285714284
3 0.6071428571428571 0.32589285714285715 0.03571428571428571 0.026785714285714284
3 0.6763392857142857 0.296875 0.02232142857142857 0.02232142857142857
3 0.46428571428571425 0.6517857142857143 0.026785714285714284 0.03571428571428571
3 0.6026785714285714 0.6674107142857143 0.017857142857142856 0.02232142857142857
3 0.3638392857142857 0.5982142857142857 0.02232142857142857 0.017857142857142856
0 0.6383928571428571 0.4665178571428571 0.6696428571428571 0.59375
