0 0.4933035714285714 0.49107142857142855 0.7991071428571428 0.875
2 0.3995535714285714 0.36607142857142855 0.06696428571428571 0.05357142857142857
2 0.24553571428571427 0.33482142857142855 0.10714285714285714 0.04464285714285714
2 0.18973214285714285 0.42857142857142855 0.11160714285714285 0.08928571428571427
2 0.17857142857142855 0.5200892857142857 0.08035714285714285 0.040178571428571425
2 0.203125 0.5848214285714285 0.08482142857142856 0.07142857142857142
1 0.6830357142857143 0.5066964285714285 0.026785714285714284 0.02232142857142857
1 0.6138392857142857 0.7276785714285714 0.040178571428571425 0.03571428571428571
1 0.6830357142857143 0.22767857142857142 0.026785714285714284 0.026785714285714284
1 0.32589285714285715 0.41294642857142855 0.026785714285714284 0.02232142857142857
2 0.29464285714285715 0.5669642857142857 0.03571428571428571 0.017857142857142856
1 0.22767857142857142 0.2232142857142857 0.03571428571428571 0.017857142857142856
