0 0.44866071428571425 0.5491071428571428 0.6294642857142857 0.8303571428571428
1 0.5803571428571428 0.390625 0.03571428571428571 0.03125
1 0.3013392857142857 0.34151785714285715 0.02232142857142857 0.02232142857142857
1 0.32366071428571425 0.46875 0.03125 0.026785714285714284
1 0.40178571428571425 0.515625 0.026785714285714284 0.02232142857142857
2 0.3571428571428571 0.6517857142857143 0.08928571428571427 0.08928571428571427
1 0.5446428571428571 0.49107142857142855 0.04464285714285714 0.03571428571428571
1 0.5982142857142857 0.47544642857142855 0.03571428571428571 0.02232142857142857
1 0.6495535714285714 0.5066964285714285 0.03125 0.03125
1 0.39732142857142855 0.5424107142857143 0.05357142857142857 0.02232142857142857
1 0.5758928571428571 0.6964285714285714 0.04464285714285714 0.03571428571428571
1 0.5178571428571428 0.5714285714285714 0.026785714285714284 0.017857142857142856
1 0.4352678571428571 0.5669642857142857 0.02232142857142857 0.017857142857142856
1 0.5290178571428571 0.6049107142857143 0.03125 0.02232142857142857
1 0.40848214285714285 0.7611607142857142 0.02232142857142857 0.03125
1 0.45982142857142855 0.8392857142857142 0.017857142857142856 0.017857142857142856
1 0.5602678571428571 0.7633928571428571 0.02232142857142857 0.026785714285714284
