0 0.4620535714285714 0.4933035714285714 0.6919642857142857 0.8705357142857142
1 0.32366071428571425 0.28125 0.040178571428571425 0.026785714285714284
1 0.5736607142857143 0.23214285714285712 0.02232142857142857 0.026785714285714284
1 0.3794642857142857 0.34151785714285715 0.03571428571428571 0.02232142857142857
1 0.4375 0.33928571428571425 0.026785714285714284 0.026785714285714284
1 0.6205357142857143 0.35044642857142855 0.026785714285714284 0.02232142857142857
1 0.44419642857142855 0.40178571428571425 0.040178571428571425 0.026785714285714284
1 0.29464285714285715 0.4419642857142857 0.017857142857142856 0.017857142857142856
1 0.4419642857142857 0.6607142857142857 0.026785714285714284 0.026785714285714284
1 0.6941964285714285 0.4375 0.02232142857142857 0.017857142857142856
1 0.18303571428571427 0.43303571428571425 0.017857142857142856 0.017857142857142856
1 0.6696428571428571 0.5736607142857143 0.03571428571428571 0.02232142857142857
1 0.6071428571428571 0.5736607142857143 0.026785714285714284 0.013392857142857142
