1 0.9486607142857142 0.8571428571428571 0.06696428571428571 0.03571428571428571
1 0.8794642857142857 0.9017857142857142 0.03571428571428571 0.05357142857142857
1 0.8058035714285714 0.875 0.05803571428571428 0.04464285714285714
1 0.6696428571428571 0.8973214285714285 0.08035714285714285 0.04464285714285714
1 0.5267857142857143 0.8772321428571428 0.04464285714285714 0.040178571428571425
0 0.6875 0.8616071428571428 0.6339285714285714 0.2857142857142857
1 0.1294642857142857 0.5558035714285714 0.03571428571428571 0.02232142857142857
1 0.203125 0.5535714285714285 0.02232142857142857 0.017857142857142856
1 0.28348214285714285 0.5758928571428571 0.03125 0.017857142857142856
0 0.29464285714285715 0.5580357142857143 0.5625 0.26785714285714285
