1 0.5044642857142857 0.7455357142857142 0.026785714285714284 0.026785714285714284
1 0.32366071428571425 0.4620535714285714 0.02232142857142857 0.02232142857142857
1 0.5491071428571428 0.4464285714285714 0.017857142857142856 0.017857142857142856
1 0.5602678571428571 0.6294642857142857 0.02232142857142857 0.026785714285714284
1 0.5267857142857143 0.59375 0.017857142857142856 0.017857142857142856
1 0.3839285714285714 0.46428571428571425 0.026785714285714284 0.017857142857142856
1 0.40625 0.44866071428571425 0.026785714285714284 0.013392857142857142
1 0.5200892857142857 0.4419642857142857 0.013392857142857142 0.017857142857142856
1 0.49553571428571425 0.6875 0.026785714285714284 0.017857142857142856
1 0.6071428571428571 0.7276785714285714 0.017857142857142856 0.017857142857142856
1 0.390625 0.5736607142857143 0.013392857142857142 0.013392857142857142
0 0.47098214285714285 0.5714285714285714 0.4508928571428571 0.5982142857142857
