0 0.47098214285714285 0.515625 0.6919642857142857 0.6026785714285714
1 0.4375 0.35044642857142855 0.03571428571428571 0.049107142857142856
7 0.33035714285714285 0.5915178571428571 0.03571428571428571 0.049107142857142856
7 0.27678571428571425 0.5178571428571428 0.017857142857142856 0.026785714285714284
7 0.40625 0.45535714285714285 0.017857142857142856 0.026785714285714284
7 0.35044642857142855 0.6852678571428571 0.02232142857142857 0.02232142857142857
7 0.26339285714285715 0.4732142857142857 0.017857142857142856 0.017857142857142856
7 0.3214285714285714 0.5 0.017857142857142856 0.026785714285714284
7 0.31026785714285715 0.47544642857142855 0.013392857142857142 0.02232142857142857
7 0.625 0.37053571428571425 0.017857142857142856 0.017857142857142856
7 0.28125 0.37723214285714285 0.026785714285714284 0.02232142857142857
7 0.29464285714285715 0.5558035714285714 0.017857142857142856 0.03125
