0 0.47098214285714285 0.5334821428571428 0.7008928571428571 0.8169642857142857
1 0.40178571428571425 0.35044642857142855 0.026785714285714284 0.03125
1 0.30803571428571425 0.3169642857142857 0.026785714285714284 0.026785714285714284
1 0.5535714285714285 0.4040178571428571 0.026785714285714284 0.03125
1 0.39285714285714285 0.4933035714285714 0.03571428571428571 0.02232142857142857
1 0.47991071428571425 0.5267857142857143 0.03125 0.017857142857142856
1 0.5580357142857143 0.6316964285714285 0.03571428571428571 0.02232142857142857
1 0.47098214285714285 0.6763392857142857 0.040178571428571425 0.040178571428571425
1 0.3883928571428571 0.796875 0.026785714285714284 0.013392857142857142
1 0.3214285714285714 0.5223214285714285 0.026785714285714284 0.026785714285714284
1 0.27678571428571425 0.5758928571428571 0.017857142857142856 0.026785714285714284
1 0.25 0.6116071428571428 0.026785714285714284 0.03571428571428571
1 0.6383928571428571 0.7410714285714285 0.026785714285714284 0.017857142857142856
