1 0.6830357142857143 0.6763392857142857 0.03571428571428571 0.03125
1 0.4933035714285714 0.625 0.02232142857142857 0.017857142857142856
1 0.5245535714285714 0.6450892857142857 0.040178571428571425 0.03125
1 0.46875 0.7299107142857142 0.026785714285714284 0.013392857142857142
1 0.6584821428571428 0.5044642857142857 0.02232142857142857 0.017857142857142856
1 0.578125 0.5491071428571428 0.013392857142857142 0.017857142857142856
1 0.375 0.7008928571428571 0.017857142857142856 0.03571428571428571
1 0.4263392857142857 0.671875 0.03125 0.02232142857142857
1 0.40178571428571425 0.6897321428571428 0.026785714285714284 0.03125
1 0.41741071428571425 0.6428571428571428 0.02232142857142857 0.017857142857142856
1 0.5959821428571428 0.734375 0.02232142857142857 0.02232142857142857
1 0.7008928571428571 0.5223214285714285 0.026785714285714284 0.017857142857142856
1 0.5691964285714285 0.8504464285714285 0.049107142857142856 0.06696428571428571
1 0.4575892857142857 0.796875 0.02232142857142857 0.02232142857142857
1 0.3883928571428571 0.9375 0.03571428571428571 0.026785714285714284
2 0.5424107142857143 0.9308035714285714 0.03125 0.03125
1 0.5535714285714285 0.5915178571428571 0.017857142857142856 0.02232142857142857
1 0.6316964285714285 0.5245535714285714 0.013392857142857142 0.013392857142857142
1 0.4977678571428571 0.8995535714285714 0.013392857142857142 0.013392857142857142
1 0.38616071428571425 0.9598214285714285 0.013392857142857142 0.017857142857142856
0 0.5602678571428571 0.7209821428571428 0.5044642857142857 0.5669642857142857
