1 0.6897321428571428 0.5803571428571428 0.02232142857142857 0.017857142857142856
1 0.4375 0.6517857142857143 0.026785714285714284 0.03571428571428571
1 0.2544642857142857 0.6205357142857143 0.017857142857142856 0.017857142857142856
1 0.5111607142857143 0.7790178571428571 0.02232142857142857 0.02232142857142857
3 0.6808035714285714 0.5424107142857143 0.013392857142857142 0.013392857142857142
3 0.6026785714285714 0.5691964285714285 0.017857142857142856 0.013392857142857142
3 0.8058035714285714 0.5848214285714285 0.02232142857142857 0.017857142857142856
3 0.8258928571428571 0.6071428571428571 0.017857142857142856 0.017857142857142856
3 0.35044642857142855 0.6205357142857143 0.013392857142857142 0.017857142857142856
3 0.29910714285714285 0.5848214285714285 0.017857142857142856 0.017857142857142856
3 0.27678571428571425 0.7299107142857142 0.017857142857142856 0.013392857142857142
3 0.25669642857142855 0.7388392857142857 0.02232142857142857 0.013392857142857142
3 0.8549107142857142 0.5915178571428571 0.013392857142857142 0.013392857142857142
1 0.8638392857142857 0.7008928571428571 0.02232142857142857 0.017857142857142856
1 0.5334821428571428 0.5870535714285714 0.013392857142857142 0.013392857142857142
3 0.5178571428571428 0.6183035714285714 0.017857142857142856 0.013392857142857142
3 0.5892857142857143 0.4977678571428571 0.017857142857142856 0.013392857142857142
0 0.5691964285714285 0.6383928571428571 0.8705357142857142 0.36607142857142855
