0 0.44419642857142855 0.5401785714285714 0.59375 0.8035714285714285
1 0.59375 0.39732142857142855 0.03571428571428571 0.026785714285714284
1 0.32366071428571425 0.31473214285714285 0.02232142857142857 0.02232142857142857
1 0.3325892857142857 0.44419642857142855 0.03125 0.02232142857142857
1 0.40178571428571425 0.5 0.026785714285714284 0.017857142857142856
2 0.34151785714285715 0.6316964285714285 0.08482142857142856 0.08482142857142856
1 0.546875 0.4977678571428571 0.040178571428571425 0.03125
1 0.6026785714285714 0.49107142857142855 0.03571428571428571 0.017857142857142856
1 0.6495535714285714 0.5223214285714285 0.03125 0.026785714285714284
1 0.39285714285714285 0.53125 0.05357142857142857 0.017857142857142856
1 0.5513392857142857 0.703125 0.040178571428571425 0.03125
1 0.5089285714285714 0.5714285714285714 0.026785714285714284 0.017857142857142856
1 0.4263392857142857 0.5580357142857143 0.02232142857142857 0.017857142857142856
1 0.515625 0.6071428571428571 0.03125 0.017857142857142856
1 0.37723214285714285 0.7477678571428571 0.02232142857142857 0.03125
1 0.4196428571428571 0.8303571428571428 0.017857142857142856 0.017857142857142856
1 0.5290178571428571 0.7678571428571428 0.02232142857142857 0.026785714285714284
