3 0.4040178571428571 0.6116071428571428 0.03125 0.03571428571428571
3 0.45982142857142855 0.6116071428571428 0.0625 0.04464285714285714
3 0.515625 0.6138392857142857 0.049107142857142856 0.040178571428571425
3 0.5825892857142857 0.6071428571428571 0.06696428571428571 0.05357142857142857
3 0.3370535714285714 0.5982142857142857 0.06696428571428571 0.0625
3 0.16517857142857142 0.5758928571428571 0.07142857142857142 0.026785714285714284
3 0.42857142857142855 0.5803571428571428 0.03571428571428571 0.017857142857142856
3 0.515625 0.6450892857142857 0.03125 0.013392857142857142
3 0.6205357142857143 0.6495535714285714 0.08035714285714285 0.02232142857142857
3 0.5491071428571428 0.6607142857142857 0.03571428571428571 0.008928571428571428
3 0.4776785714285714 0.5758928571428571 0.04464285714285714 0.026785714285714284
3 0.27232142857142855 0.6071428571428571 0.026785714285714284 0.017857142857142856
0 0.3683035714285714 0.6071428571428571 0.6383928571428571 0.13392857142857142
