0 0.6026785714285714 0.5848214285714285 0.49107142857142855 0.4821428571428571
3 0.7120535714285714 0.47991071428571425 0.02232142857142857 0.013392857142857142
3 0.5424107142857143 0.6696428571428571 0.02232142857142857 0.017857142857142856
3 0.578125 0.6763392857142857 0.013392857142857142 0.013392857142857142
3 0.6116071428571428 0.5558035714285714 0.017857142857142856 0.02232142857142857
3 0.4352678571428571 0.6183035714285714 0.013392857142857142 0.013392857142857142
3 0.4888392857142857 0.6741071428571428 0.02232142857142857 0.017857142857142856
3 0.5758928571428571 0.7433035714285714 0.017857142857142856 0.013392857142857142
3 0.7433035714285714 0.4375 0.013392857142857142 0.008928571428571428
3 0.6316964285714285 0.42857142857142855 0.013392857142857142 0.008928571428571428
3 0.578125 0.5491071428571428 0.02232142857142857 0.017857142857142856
