1 0.5647321428571428 0.265625 0.040178571428571425 0.03125
1 0.47544642857142855 0.31473214285714285 0.03125 0.03125
1 0.32589285714285715 0.36607142857142855 0.03571428571428571 0.026785714285714284
1 0.2901785714285714 0.34598214285714285 0.026785714285714284 0.02232142857142857
1 0.5401785714285714 0.484375 0.0625 0.040178571428571425
1 0.5870535714285714 0.44866071428571425 0.040178571428571425 0.02232142857142857
1 0.6607142857142857 0.4620535714285714 0.07142857142857142 0.040178571428571425
1 0.6026785714285714 0.6071428571428571 0.04464285714285714 0.04464285714285714
1 0.546875 0.6316964285714285 0.03125 0.02232142857142857
1 0.5513392857142857 0.6004464285714285 0.02232142857142857 0.02232142857142857
1 0.40848214285714285 0.6629464285714285 0.02232142857142857 0.02232142857142857
1 0.39732142857142855 0.71875 0.05357142857142857 0.03571428571428571
1 0.45535714285714285 0.3883928571428571 0.04464285714285714 0.026785714285714284
1 0.5111607142857143 0.11383928571428571 0.049107142857142856 0.03125
0 0.5044642857142857 0.4776785714285714 0.6428571428571428 0.8214285714285714
