3 0.4040178571428571 0.6116071428571428 0.03125 0.03571428571428571
3 0.4575892857142857 0.6116071428571428 0.05803571428571428 0.04464285714285714
3 0.515625 0.6138392857142857 0.049107142857142856 0.040178571428571425
3 0.5825892857142857 0.6071428571428571 0.06696428571428571 0.05357142857142857
3 0.3370535714285714 0.5982142857142857 0.06696428571428571 0.0625
3 0.16294642857142858 0.5736607142857143 0.07589285714285714 0.02232142857142857
3 0.42857142857142855 0.5803571428571428 0.03571428571428571 0.017857142857142856
3 0.515625 0.6450892857142857 0.03125 0.013392857142857142
3 0.6183035714285714 0.6495535714285714 0.08482142857142856 0.02232142857142857
3 0.5491071428571428 0.6584821428571428 0.03571428571428571 0.013392857142857142
3 0.47544642857142855 0.5736607142857143 0.040178571428571425 0.03125
3 0.2700892857142857 0.6049107142857143 0.03125 0.02232142857142857
0 0.3683035714285714 0.6071428571428571 0.6383928571428571 0.13392857142857142
