3 0.5178571428571428 0.5848214285714285 0.026785714285714284 0.017857142857142856
3 0.3995535714285714 0.5334821428571428 0.02232142857142857 0.013392857142857142
3 0.36607142857142855 0.4732142857142857 0.026785714285714284 0.026785714285714284
3 0.30803571428571425 0.45982142857142855 0.026785714285714284 0.017857142857142856
3 0.34375 0.3883928571428571 0.017857142857142856 0.017857142857142856
3 0.3638392857142857 0.4040178571428571 0.013392857142857142 0.013392857142857142
3 0.22767857142857142 0.3683035714285714 0.017857142857142856 0.013392857142857142
3 0.3839285714285714 0.328125 0.017857142857142856 0.013392857142857142
3 0.33482142857142855 0.3638392857142857 0.017857142857142856 0.013392857142857142
3 0.5044642857142857 0.421875 0.017857142857142856 0.013392857142857142
3 0.4375 0.44866071428571425 0.008928571428571428 0.013392857142857142
3 0.27678571428571425 0.3950892857142857 0.017857142857142856 0.013392857142857142
3 0.2589285714285714 0.3883928571428571 0.008928571428571428 0.008928571428571428
3 0.2700892857142857 0.37723214285714285 0.013392857142857142 0.013392857142857142
3 0.30357142857142855 0.4040178571428571 0.017857142857142856 0.013392857142857142
3 0.359375 0.42410714285714285 0.013392857142857142 0.017857142857142856
3 0.31919642857142855 0.34375 0.013392857142857142 0.017857142857142856
3 0.40848214285714285 0.421875 0.013392857142857142 0.013392857142857142
3 0.48660714285714285 0.484375 0.017857142857142856 0.013392857142857142
3 0.4308035714285714 0.609375 0.02232142857142857 0.013392857142857142
3 0.5647321428571428 0.4776785714285714 0.013392857142857142 0.008928571428571428
3 0.59375 0.5401785714285714 0.017857142857142856 0.017857142857142856
0 0.4620535714285714 0.47544642857142855 0.6205357142857143 0.37053571428571425
