0 0.5111607142857143 0.5647321428571428 0.4776785714285714 0.7008928571428571
2 0.6607142857142857 0.29910714285714285 0.03571428571428571 0.03571428571428571
1 0.41294642857142855 0.32366071428571425 0.03125 0.02232142857142857
1 0.4888392857142857 0.29910714285714285 0.08482142857142856 0.026785714285714284
1 0.5357142857142857 0.34151785714285715 0.05357142857142857 0.040178571428571425
1 0.4263392857142857 0.42857142857142855 0.03125 0.026785714285714284
1 0.5022321428571428 0.78125 0.049107142857142856 0.026785714285714284
1 0.37723214285714285 0.7232142857142857 0.02232142857142857 0.017857142857142856
1 0.34375 0.5245535714285714 0.026785714285714284 0.02232142857142857
1 0.5133928571428571 0.8571428571428571 0.026785714285714284 0.03571428571428571
1 0.4196428571428571 0.8883928571428571 0.026785714285714284 0.03571428571428571
1 0.5691964285714285 0.8035714285714285 0.02232142857142857 0.026785714285714284
1 0.6473214285714285 0.7834821428571428 0.026785714285714284 0.02232142857142857
1 0.421875 0.8415178571428571 0.02232142857142857 0.02232142857142857
1 0.44419642857142855 0.7790178571428571 0.02232142857142857 0.013392857142857142
