4 0.18973214285714285 0.34375 0.2901785714285714 0.29464285714285715
4 0.6540178571428571 0.5625 0.4419642857142857 0.15178571428571427
2 0.5803571428571428 0.5223214285714285 0.05357142857142857 0.03571428571428571
2 0.625 0.5691964285714285 0.05357142857142857 0.05803571428571428
2 0.6674107142857143 0.5290178571428571 0.040178571428571425 0.040178571428571425
2 0.4821428571428571 0.5736607142857143 0.04464285714285714 0.03125
2 0.6986607142857143 0.578125 0.040178571428571425 0.03125
2 0.5491071428571428 0.59375 0.04464285714285714 0.026785714285714284
0 0.5691964285714285 0.34151785714285715 0.28125 0.2901785714285714
2 0.5401785714285714 0.3995535714285714 0.04464285714285714 0.040178571428571425
2 0.6383928571428571 0.3526785714285714 0.04464285714285714 0.04464285714285714
