0 0.46875 0.5290178571428571 0.8214285714285714 0.9151785714285714
1 0.4263392857142857 0.33928571428571425 0.03125 0.03571428571428571
1 0.34151785714285715 0.28794642857142855 0.03125 0.03125
1 0.5691964285714285 0.4107142857142857 0.03125 0.03571428571428571
1 0.39732142857142855 0.4776785714285714 0.03571428571428571 0.026785714285714284
1 0.4776785714285714 0.5200892857142857 0.03571428571428571 0.02232142857142857
1 0.5379464285714285 0.6383928571428571 0.040178571428571425 0.026785714285714284
1 0.44419642857142855 0.6696428571428571 0.049107142857142856 0.04464285714285714
1 0.34375 0.7767857142857142 0.026785714285714284 0.017857142857142856
1 0.32366071428571425 0.4933035714285714 0.03125 0.03125
1 0.2700892857142857 0.5401785714285714 0.02232142857142857 0.026785714285714284
1 0.2388392857142857 0.5736607142857143 0.03125 0.040178571428571425
1 0.5982142857142857 0.7589285714285714 0.026785714285714284 0.017857142857142856
