1 0.37723214285714285 0.4375 0.03125 0.026785714285714284
1 0.375 0.47098214285714285 0.026785714285714284 0.02232142857142857
1 0.44419642857142855 0.40625 0.03125 0.026785714285714284
1 0.37723214285714285 0.5290178571428571 0.049107142857142856 0.040178571428571425
1 0.3370535714285714 0.5959821428571428 0.03125 0.02232142857142857
1 0.38169642857142855 0.7053571428571428 0.03125 0.026785714285714284
2 0.48660714285714285 0.6852678571428571 0.04464285714285714 0.049107142857142856
1 0.5044642857142857 0.5736607142857143 0.026785714285714284 0.02232142857142857
1 0.5223214285714285 0.5982142857142857 0.026785714285714284 0.026785714285714284
1 0.4933035714285714 0.3995535714285714 0.02232142857142857 0.02232142857142857
1 0.5 0.37723214285714285 0.017857142857142856 0.02232142857142857
1 0.5267857142857143 0.45982142857142855 0.026785714285714284 0.03571428571428571
1 0.515625 0.5044642857142857 0.02232142857142857 0.026785714285714284
1 0.5558035714285714 0.640625 0.02232142857142857 0.03125
1 0.5245535714285714 0.671875 0.02232142857142857 0.03125
1 0.5870535714285714 0.3727678571428571 0.02232142857142857 0.02232142857142857
0 0.4665178571428571 0.5848214285714285 0.5491071428571428 0.6607142857142857
