1 0.4352678571428571 0.7366071428571428 0.03125 0.026785714285714284
1 0.34151785714285715 0.40848214285714285 0.02232142857142857 0.02232142857142857
1 0.5647321428571428 0.46428571428571425 0.02232142857142857 0.017857142857142856
1 0.5223214285714285 0.6383928571428571 0.026785714285714284 0.026785714285714284
1 0.5 0.59375 0.017857142857142856 0.017857142857142856
1 0.40178571428571425 0.4308035714285714 0.026785714285714284 0.02232142857142857
1 0.42857142857142855 0.42410714285714285 0.026785714285714284 0.017857142857142856
1 0.5357142857142857 0.44866071428571425 0.017857142857142856 0.02232142857142857
1 0.44419642857142855 0.6763392857142857 0.03125 0.02232142857142857
1 0.5379464285714285 0.75 0.02232142857142857 0.017857142857142856
1 0.37723214285714285 0.5334821428571428 0.013392857142857142 0.013392857142857142
0 0.453125 0.5602678571428571 0.5133928571428571 0.6383928571428571
