0 0.6004464285714285 0.453125 0.3794642857142857 0.4508928571428571
3 0.515625 0.4352678571428571 0.03125 0.03125
3 0.5625 0.3839285714285714 0.03571428571428571 0.03571428571428571
3 0.5625 0.34151785714285715 0.03571428571428571 0.040178571428571425
3 0.5848214285714285 0.5111607142857143 0.0625 0.040178571428571425
3 0.609375 0.5691964285714285 0.040178571428571425 0.03125
3 0.546875 0.6272321428571428 0.03125 0.02232142857142857
3 0.7321428571428571 0.5736607142857143 0.04464285714285714 0.03125
3 0.734375 0.47991071428571425 0.03125 0.02232142857142857
3 0.6138392857142857 0.390625 0.03125 0.10267857142857142
3 0.6227678571428571 0.4665178571428571 0.02232142857142857 0.03125
3 0.6540178571428571 0.5558035714285714 0.02232142857142857 0.040178571428571425
3 0.5022321428571428 0.5245535714285714 0.02232142857142857 0.013392857142857142
3 0.5089285714285714 0.5066964285714285 0.017857142857142856 0.013392857142857142
3 0.5892857142857143 0.6026785714285714 0.017857142857142856 0.017857142857142856
3 0.6004464285714285 0.6205357142857143 0.02232142857142857 0.017857142857142856
3 0.6651785714285714 0.3526785714285714 0.026785714285714284 0.017857142857142856
3 0.6696428571428571 0.45535714285714285 0.026785714285714284 0.017857142857142856
