0 0.49107142857142855 0.484375 0.4375 0.6205357142857143
3 0.5245535714285714 0.5892857142857143 0.03125 0.017857142857142856
3 0.4375 0.40848214285714285 0.026785714285714284 0.013392857142857142
3 0.32589285714285715 0.33482142857142855 0.026785714285714284 0.008928571428571428
3 0.4933035714285714 0.3638392857142857 0.02232142857142857 0.013392857142857142
3 0.5669642857142857 0.49553571428571425 0.017857142857142856 0.008928571428571428
3 0.36160714285714285 0.375 0.026785714285714284 0.008928571428571428
3 0.30803571428571425 0.36607142857142855 0.017857142857142856 0.008928571428571428
3 0.5379464285714285 0.32366071428571425 0.013392857142857142 0.013392857142857142
3 0.5625 0.296875 0.017857142857142856 0.013392857142857142
3 0.5714285714285714 0.6450892857142857 0.017857142857142856 0.013392857142857142
