1 0.5379464285714285 0.15401785714285712 0.06696428571428571 0.049107142857142856
1 0.6049107142857143 0.21651785714285712 0.049107142857142856 0.040178571428571425
1 0.5290178571428571 0.24107142857142855 0.040178571428571425 0.04464285714285714
1 0.4977678571428571 0.26785714285714285 0.040178571428571425 0.03571428571428571
1 0.6138392857142857 0.33928571428571425 0.049107142857142856 0.05357142857142857
1 0.6830357142857143 0.3526785714285714 0.03571428571428571 0.03571428571428571
1 0.6852678571428571 0.43303571428571425 0.03125 0.04464285714285714
1 0.6428571428571428 0.41741071428571425 0.05357142857142857 0.05803571428571428
1 0.4151785714285714 0.2388392857142857 0.05357142857142857 0.040178571428571425
1 0.5870535714285714 0.2589285714285714 0.049107142857142856 0.03571428571428571
1 0.5535714285714285 0.328125 0.07142857142857142 0.049107142857142856
1 0.4375 0.12723214285714285 0.017857142857142856 0.013392857142857142
1 0.38616071428571425 0.10714285714285714 0.02232142857142857 0.017857142857142856
1 0.5669642857142857 0.2901785714285714 0.026785714285714284 0.017857142857142856
1 0.5200892857142857 0.1919642857142857 0.02232142857142857 0.017857142857142856
1 0.40178571428571425 0.203125 0.017857142857142856 0.013392857142857142
0 0.5513392857142857 0.27678571428571425 0.6116071428571428 0.4821428571428571
