3 0.546875 0.45982142857142855 0.03125 0.026785714285714284
3 0.53125 0.5290178571428571 0.03571428571428571 0.03125
3 0.47991071428571425 0.6607142857142857 0.03125 0.026785714285714284
3 0.390625 0.6272321428571428 0.03125 0.03125
3 0.4821428571428571 0.4040178571428571 0.026785714285714284 0.040178571428571425
3 0.5558035714285714 0.42410714285714285 0.03125 0.026785714285714284
3 0.5714285714285714 0.28125 0.03571428571428571 0.03571428571428571
3 0.5892857142857143 0.33482142857142855 0.03571428571428571 0.03571428571428571
3 0.5915178571428571 0.5044642857142857 0.02232142857142857 0.026785714285714284
3 0.49553571428571425 0.7566964285714285 0.026785714285714284 0.03125
3 0.6205357142857143 0.6674107142857143 0.026785714285714284 0.03125
0 0.5 0.49107142857142855 0.4821428571428571 0.6607142857142857
