0 0.6026785714285714 0.4575892857142857 0.3571428571428571 0.43303571428571425
3 0.5200892857142857 0.4352678571428571 0.03125 0.03125
3 0.5669642857142857 0.3839285714285714 0.03571428571428571 0.03571428571428571
3 0.5714285714285714 0.34375 0.03571428571428571 0.03571428571428571
3 0.5848214285714285 0.5178571428571428 0.0625 0.03571428571428571
3 0.6049107142857143 0.5736607142857143 0.040178571428571425 0.03125
3 0.5424107142857143 0.6272321428571428 0.03125 0.02232142857142857
3 0.7276785714285714 0.5848214285714285 0.04464285714285714 0.026785714285714284
3 0.7366071428571428 0.4888392857142857 0.026785714285714284 0.02232142857142857
3 0.6205357142857143 0.39732142857142855 0.026785714285714284 0.09821428571428571
3 0.625 0.47098214285714285 0.017857142857142856 0.03125
3 0.6495535714285714 0.5602678571428571 0.02232142857142857 0.040178571428571425
3 0.5022321428571428 0.5245535714285714 0.02232142857142857 0.013392857142857142
3 0.5066964285714285 0.5066964285714285 0.013392857142857142 0.013392857142857142
3 0.5848214285714285 0.6071428571428571 0.017857142857142856 0.017857142857142856
3 0.5915178571428571 0.6227678571428571 0.02232142857142857 0.013392857142857142
3 0.671875 0.36160714285714285 0.02232142857142857 0.017857142857142856
3 0.6696428571428571 0.46428571428571425 0.026785714285714284 0.017857142857142856
