4 0.8236607142857142 0.5446428571428571 0.36160714285714285 0.2589285714285714
0 0.47098214285714285 0.4040178571428571 0.3169642857142857 0.40625
0 0.4821428571428571 0.8370535714285714 0.3571428571428571 0.33482142857142855
2 0.3995535714285714 0.359375 0.05803571428571428 0.049107142857142856
2 0.4821428571428571 0.390625 0.07142857142857142 0.05803571428571428
2 0.4352678571428571 0.4464285714285714 0.040178571428571425 0.03571428571428571
2 0.42857142857142855 0.4821428571428571 0.03571428571428571 0.026785714285714284
2 0.5178571428571428 0.4575892857142857 0.05357142857142857 0.03125
2 0.5379464285714285 0.421875 0.040178571428571425 0.040178571428571425
2 0.5379464285714285 0.48660714285714285 0.06696428571428571 0.026785714285714284
2 0.5290178571428571 0.5223214285714285 0.049107142857142856 0.026785714285714284
2 0.453125 0.7790178571428571 0.040178571428571425 0.05803571428571428
2 0.4308035714285714 0.8303571428571428 0.05803571428571428 0.03571428571428571
2 0.5066964285714285 0.8816964285714285 0.03125 0.03125
2 0.4732142857142857 0.8995535714285714 0.03571428571428571 0.03125
2 0.38616071428571425 0.27678571428571425 0.03125 0.026785714285714284
2 0.4419642857142857 0.28794642857142855 0.05357142857142857 0.03125
2 0.45535714285714285 0.328125 0.03571428571428571 0.03125
2 0.49553571428571425 0.31919642857142855 0.026785714285714284 0.03125
