0 0.4196428571428571 0.4977678571428571 0.46428571428571425 0.5580357142857143
2 0.3370535714285714 0.3482142857142857 0.049107142857142856 0.04464285714285714
2 0.3325892857142857 0.4107142857142857 0.05803571428571428 0.05357142857142857
2 0.46428571428571425 0.4040178571428571 0.04464285714285714 0.040178571428571425
2 0.359375 0.4732142857142857 0.05803571428571428 0.04464285714285714
2 0.43973214285714285 0.5290178571428571 0.05803571428571428 0.049107142857142856
2 0.34375 0.5401785714285714 0.05357142857142857 0.04464285714285714
2 0.44419642857142855 0.5669642857142857 0.049107142857142856 0.03571428571428571
2 0.5044642857142857 0.546875 0.026785714285714284 0.02232142857142857
2 0.37053571428571425 0.6897321428571428 0.04464285714285714 0.040178571428571425
2 0.42857142857142855 0.703125 0.04464285714285714 0.03125
2 0.44866071428571425 0.6517857142857143 0.09375 0.07142857142857142
2 0.37723214285714285 0.6026785714285714 0.06696428571428571 0.0625
2 0.49107142857142855 0.7254464285714285 0.026785714285714284 0.02232142857142857
