1 0.41294642857142855 0.39285714285714285 0.03125 0.026785714285714284
1 0.39732142857142855 0.42410714285714285 0.026785714285714284 0.026785714285714284
1 0.4888392857142857 0.3883928571428571 0.03125 0.026785714285714284
1 0.37723214285714285 0.47544642857142855 0.049107142857142856 0.040178571428571425
1 0.31919642857142855 0.5245535714285714 0.03125 0.02232142857142857
1 0.31473214285714285 0.6428571428571428 0.03125 0.026785714285714284
2 0.4196428571428571 0.6629464285714285 0.04464285714285714 0.049107142857142856
1 0.4776785714285714 0.5691964285714285 0.026785714285714284 0.02232142857142857
1 0.48660714285714285 0.5982142857142857 0.026785714285714284 0.026785714285714284
1 0.5334821428571428 0.4040178571428571 0.02232142857142857 0.02232142857142857
1 0.5535714285714285 0.3839285714285714 0.017857142857142856 0.026785714285714284
1 0.5446428571428571 0.4732142857142857 0.026785714285714284 0.03571428571428571
1 0.515625 0.5089285714285714 0.02232142857142857 0.026785714285714284
1 0.5022321428571428 0.6495535714285714 0.02232142857142857 0.03125
1 0.4620535714285714 0.6674107142857143 0.02232142857142857 0.03125
1 0.6361607142857143 0.41741071428571425 0.02232142857142857 0.02232142857142857
0 0.43973214285714285 0.5647321428571428 0.5580357142857143 0.6651785714285714
