0 0.31919642857142855 0.5379464285714285 0.6026785714285714 0.6651785714285714
3 0.24107142857142855 0.328125 0.04464285714285714 0.05803571428571428
3 0.29464285714285715 0.3995535714285714 0.10714285714285714 0.06696428571428571
3 0.31026785714285715 0.359375 0.05803571428571428 0.03125
3 0.37053571428571425 0.6272321428571428 0.04464285714285714 0.06696428571428571
3 0.44866071428571425 0.7544642857142857 0.06696428571428571 0.07142857142857142
3 0.33482142857142855 0.5625 0.07142857142857142 0.07142857142857142
3 0.19419642857142855 0.43303571428571425 0.07589285714285714 0.04464285714285714
3 0.26116071428571425 0.5200892857142857 0.09375 0.07589285714285714
3 0.27232142857142855 0.6919642857142857 0.08035714285714285 0.07142857142857142
3 0.46428571428571425 0.6897321428571428 0.08928571428571427 0.06696428571428571
3 0.33035714285714285 0.4508928571428571 0.07142857142857142 0.03571428571428571
3 0.37053571428571425 0.5111607142857143 0.0625 0.049107142857142856
3 0.38169642857142855 0.7366071428571428 0.049107142857142856 0.08035714285714285
