0 0.5401785714285714 0.5066964285714285 0.9107142857142857 0.9955357142857142
1 0.6651785714285714 0.4620535714285714 0.05357142857142857 0.040178571428571425
1 0.49107142857142855 0.5357142857142857 0.03571428571428571 0.03571428571428571
6 0.7254464285714285 0.6763392857142857 0.040178571428571425 0.049107142857142856
1 0.7455357142857142 0.6383928571428571 0.026785714285714284 0.026785714285714284
1 0.6383928571428571 0.7209821428571428 0.04464285714285714 0.03125
1 0.4419642857142857 0.359375 0.03571428571428571 0.02232142857142857
1 0.5 0.3839285714285714 0.026785714285714284 0.026785714285714284
3 0.3125 0.5200892857142857 0.026785714285714284 0.02232142857142857
3 0.22991071428571427 0.5379464285714285 0.040178571428571425 0.03125
1 0.2857142857142857 0.37723214285714285 0.026785714285714284 0.040178571428571425
1 0.359375 0.40178571428571425 0.02232142857142857 0.026785714285714284
3 0.28348214285714285 0.484375 0.05803571428571428 0.040178571428571425
1 0.5424107142857143 0.42410714285714285 0.03125 0.026785714285714284
1 0.5 0.59375 0.03571428571428571 0.026785714285714284
1 0.578125 0.7544642857142857 0.03125 0.026785714285714284
