0 0.6361607142857143 0.5915178571428571 0.45982142857142855 0.5401785714285714
3 0.6696428571428571 0.44866071428571425 0.026785714285714284 0.02232142857142857
3 0.6517857142857143 0.4821428571428571 0.04464285714285714 0.026785714285714284
3 0.6205357142857143 0.515625 0.03571428571428571 0.03125
3 0.6004464285714285 0.53125 0.040178571428571425 0.026785714285714284
3 0.5691964285714285 0.5357142857142857 0.02232142857142857 0.017857142857142856
3 0.5535714285714285 0.5491071428571428 0.026785714285714284 0.017857142857142856
3 0.5424107142857143 0.5580357142857143 0.03125 0.017857142857142856
3 0.7611607142857142 0.5892857142857143 0.040178571428571425 0.03571428571428571
3 0.6339285714285714 0.6785714285714285 0.05357142857142857 0.03571428571428571
3 0.6227678571428571 0.6986607142857143 0.040178571428571425 0.03125
3 0.5892857142857143 0.48660714285714285 0.03571428571428571 0.026785714285714284
3 0.5446428571428571 0.4977678571428571 0.03571428571428571 0.02232142857142857
3 0.5223214285714285 0.5111607142857143 0.026785714285714284 0.02232142857142857
3 0.7254464285714285 0.5245535714285714 0.03125 0.02232142857142857
3 0.6584821428571428 0.5066964285714285 0.02232142857142857 0.02232142857142857
3 0.5669642857142857 0.578125 0.026785714285714284 0.02232142857142857
3 0.4977678571428571 0.6272321428571428 0.03125 0.02232142857142857
3 0.5223214285714285 0.609375 0.017857142857142856 0.013392857142857142
3 0.546875 0.6294642857142857 0.02232142857142857 0.017857142857142856
3 0.5133928571428571 0.7142857142857142 0.026785714285714284 0.017857142857142856
3 0.484375 0.7232142857142857 0.02232142857142857 0.017857142857142856
3 0.5870535714285714 0.734375 0.02232142857142857 0.02232142857142857
3 0.5959821428571428 0.7232142857142857 0.02232142857142857 0.017857142857142856
3 0.7410714285714285 0.640625 0.03571428571428571 0.03125
3 0.6808035714285714 0.6875 0.040178571428571425 0.03571428571428571
3 0.5580357142857143 0.765625 0.017857142857142856 0.02232142857142857
3 0.765625 0.49107142857142855 0.02232142857142857 0.017857142857142856
3 0.7790178571428571 0.515625 0.03125 0.03125
3 0.6875 0.5803571428571428 0.04464285714285714 0.03571428571428571
3 0.6919642857142857 0.6227678571428571 0.026785714285714284 0.02232142857142857
3 0.625 0.6227678571428571 0.017857142857142856 0.013392857142857142
