0 0.4821428571428571 0.5959821428571428 0.7678571428571428 0.7366071428571428
1 0.5915178571428571 0.5513392857142857 0.02232142857142857 0.040178571428571425
1 0.7611607142857142 0.6540178571428571 0.02232142857142857 0.049107142857142856
1 0.4196428571428571 0.7678571428571428 0.026785714285714284 0.03571428571428571
1 0.28794642857142855 0.5446428571428571 0.02232142857142857 0.026785714285714284
1 0.21651785714285712 0.6986607142857143 0.03125 0.03125
1 0.24776785714285712 0.6919642857142857 0.013392857142857142 0.04464285714285714
1 0.35044642857142855 0.47991071428571425 0.02232142857142857 0.03125
1 0.7254464285714285 0.7767857142857142 0.06696428571428571 0.05357142857142857
1 0.5669642857142857 0.7723214285714285 0.07142857142857142 0.04464285714285714
1 0.6852678571428571 0.7321428571428571 0.02232142857142857 0.04464285714285714
