3 0.6651785714285714 0.4419642857142857 0.017857142857142856 0.008928571428571428
3 0.5446428571428571 0.4107142857142857 0.017857142857142856 0.008928571428571428
3 0.484375 0.33482142857142855 0.013392857142857142 0.008928571428571428
3 0.49553571428571425 0.33035714285714285 0.008928571428571428 0.008928571428571428
3 0.41294642857142855 0.3526785714285714 0.013392857142857142 0.008928571428571428
3 0.390625 0.6071428571428571 0.02232142857142857 0.017857142857142856
3 0.49107142857142855 0.6339285714285714 0.008928571428571428 0.008928571428571428
1 0.5625 0.5066964285714285 0.017857142857142856 0.013392857142857142
1 0.40178571428571425 0.5133928571428571 0.017857142857142856 0.017857142857142856
0 0.53125 0.5267857142857143 0.39285714285714285 0.5446428571428571
