1 0.3482142857142857 0.34151785714285715 0.017857142857142856 0.02232142857142857
3 0.29910714285714285 0.4575892857142857 0.04464285714285714 0.03125
1 0.30357142857142855 0.5379464285714285 0.026785714285714284 0.02232142857142857
3 0.3482142857142857 0.5424107142857143 0.026785714285714284 0.02232142857142857
3 0.484375 0.4665178571428571 0.02232142857142857 0.02232142857142857
3 0.4040178571428571 0.44866071428571425 0.013392857142857142 0.013392857142857142
3 0.33035714285714285 0.59375 0.026785714285714284 0.017857142857142856
3 0.375 0.7232142857142857 0.026785714285714284 0.026785714285714284
3 0.40625 0.7142857142857142 0.017857142857142856 0.017857142857142856
3 0.4888392857142857 0.5424107142857143 0.02232142857142857 0.02232142857142857
3 0.49553571428571425 0.4977678571428571 0.017857142857142856 0.02232142857142857
3 0.4508928571428571 0.4352678571428571 0.017857142857142856 0.02232142857142857
0 0.3638392857142857 0.5089285714285714 0.4151785714285714 0.5446428571428571
