3 0.5446428571428571 0.45535714285714285 0.026785714285714284 0.026785714285714284
3 0.5290178571428571 0.5245535714285714 0.03125 0.03125
3 0.4933035714285714 0.6651785714285714 0.03125 0.026785714285714284
3 0.3995535714285714 0.6361607142857143 0.03125 0.03125
3 0.4732142857142857 0.40848214285714285 0.026785714285714284 0.040178571428571425
3 0.5513392857142857 0.42410714285714285 0.03125 0.026785714285714284
3 0.5580357142857143 0.27678571428571425 0.03571428571428571 0.03571428571428571
3 0.578125 0.32589285714285715 0.03125 0.03571428571428571
3 0.5870535714285714 0.49553571428571425 0.02232142857142857 0.026785714285714284
3 0.5133928571428571 0.7544642857142857 0.026785714285714284 0.026785714285714284
3 0.6294642857142857 0.65625 0.026785714285714284 0.026785714285714284
0 0.5022321428571428 0.4888392857142857 0.4419642857142857 0.6383928571428571
