3 0.6205357142857143 0.6004464285714285 0.026785714285714284 0.02232142857142857
3 0.5245535714285714 0.5736607142857143 0.03125 0.02232142857142857
3 0.5535714285714285 0.6071428571428571 0.026785714285714284 0.03571428571428571
3 0.7209821428571428 0.5580357142857143 0.02232142857142857 0.026785714285714284
3 0.5625 0.5111607142857143 0.10714285714285714 0.05803571428571428
3 0.47098214285714285 0.44866071428571425 0.03125 0.02232142857142857
3 0.5133928571428571 0.40848214285714285 0.017857142857142856 0.02232142857142857
3 0.5625 0.40625 0.026785714285714284 0.026785714285714284
3 0.5513392857142857 0.38169642857142855 0.03125 0.02232142857142857
3 0.7477678571428571 0.4263392857142857 0.03125 0.02232142857142857
3 0.35044642857142855 0.5066964285714285 0.02232142857142857 0.02232142857142857
3 0.7700892857142857 0.3727678571428571 0.040178571428571425 0.03125
3 0.6919642857142857 0.09151785714285714 0.026785714285714284 0.02232142857142857
3 0.7098214285714285 0.024553571428571428 0.017857142857142856 0.02232142857142857
3 0.6629464285714285 0.08258928571428571 0.03125 0.02232142857142857
3 0.2700892857142857 0.1919642857142857 0.03125 0.026785714285714284
3 0.36607142857142855 0.1919642857142857 0.026785714285714284 0.026785714285714284
3 0.38169642857142855 0.25669642857142855 0.03125 0.02232142857142857
3 0.43303571428571425 0.234375 0.026785714285714284 0.02232142857142857
3 0.33035714285714285 0.234375 0.026785714285714284 0.02232142857142857
3 0.2544642857142857 0.14285714285714285 0.017857142857142856 0.026785714285714284
0 0.5959821428571428 0.6004464285714285 0.6473214285714285 0.7276785714285714
0 0.2388392857142857 0.19642857142857142 0.46875 0.375
0 0.7142857142857142 0.09598214285714285 0.23214285714285712 0.18303571428571427
