4 0.8191964285714285 0.47991071428571425 0.37053571428571425 0.28125
0 0.4508928571428571 0.41294642857142855 0.33928571428571425 0.42410714285714285
0 0.5535714285714285 0.8303571428571428 0.375 0.3482142857142857
2 0.375 0.3839285714285714 0.0625 0.05357142857142857
2 0.4575892857142857 0.40178571428571425 0.07589285714285714 0.0625
2 0.421875 0.4620535714285714 0.040178571428571425 0.040178571428571425
2 0.4263392857142857 0.5 0.040178571428571425 0.026785714285714284
2 0.5066964285714285 0.45535714285714285 0.05803571428571428 0.03571428571428571
2 0.5200892857142857 0.41741071428571425 0.040178571428571425 0.040178571428571425
2 0.5290178571428571 0.47991071428571425 0.06696428571428571 0.03125
2 0.5290178571428571 0.515625 0.049107142857142856 0.03125
2 0.5089285714285714 0.7834821428571428 0.04464285714285714 0.05803571428571428
2 0.5022321428571428 0.8415178571428571 0.05803571428571428 0.040178571428571425
2 0.5870535714285714 0.8705357142857142 0.03125 0.03571428571428571
2 0.5535714285714285 0.8995535714285714 0.03571428571428571 0.03125
2 0.34151785714285715 0.30357142857142855 0.03125 0.026785714285714284
2 0.3995535714285714 0.30803571428571425 0.05803571428571428 0.03571428571428571
2 0.4196428571428571 0.34598214285714285 0.03571428571428571 0.03125
2 0.45535714285714285 0.328125 0.026785714285714284 0.03125
