3 0.3325892857142857 0.5915178571428571 0.05803571428571428 0.040178571428571425
3 0.21428571428571427 0.625 0.03571428571428571 0.026785714285714284
3 0.28348214285714285 0.71875 0.02232142857142857 0.017857142857142856
3 0.46428571428571425 0.609375 0.08928571428571427 0.11160714285714285
3 0.375 0.7299107142857142 0.017857142857142856 0.02232142857142857
3 0.31919642857142855 0.6584821428571428 0.02232142857142857 0.013392857142857142
3 0.27678571428571425 0.6138392857142857 0.03571428571428571 0.02232142857142857
3 0.19419642857142855 0.5758928571428571 0.02232142857142857 0.017857142857142856
3 0.24553571428571427 0.6696428571428571 0.017857142857142856 0.017857142857142856
3 0.6316964285714285 0.75 0.02232142857142857 0.026785714285714284
3 0.5111607142857143 0.6785714285714285 0.013392857142857142 0.026785714285714284
3 0.5401785714285714 0.6540178571428571 0.017857142857142856 0.013392857142857142
3 0.5558035714285714 0.7120535714285714 0.06696428571428571 0.02232142857142857
3 0.39285714285714285 0.7834821428571428 0.026785714285714284 0.013392857142857142
3 0.40178571428571425 0.6227678571428571 0.026785714285714284 0.02232142857142857
3 0.3482142857142857 0.6450892857142857 0.026785714285714284 0.013392857142857142
3 0.6785714285714285 0.75 0.026785714285714284 0.017857142857142856
3 0.3058035714285714 0.7098214285714285 0.013392857142857142 0.017857142857142856
0 0.4888392857142857 0.6808035714285714 0.6651785714285714 0.3169642857142857
