3 0.6160714285714285 0.42857142857142855 0.0625 0.05357142857142857
3 0.6049107142857143 0.5647321428571428 0.06696428571428571 0.06696428571428571
3 0.6852678571428571 0.5446428571428571 0.07589285714285714 0.09821428571428571
3 0.7901785714285714 0.578125 0.026785714285714284 0.02232142857142857
3 0.609375 0.6205357142857143 0.02232142857142857 0.017857142857142856
3 0.7142857142857142 0.640625 0.026785714285714284 0.02232142857142857
3 0.6383928571428571 0.6897321428571428 0.03571428571428571 0.03125
7 0.6450892857142857 0.7455357142857142 0.03125 0.026785714285714284
3 0.6741071428571428 0.8058035714285714 0.05357142857142857 0.07589285714285714
3 0.6183035714285714 0.8683035714285714 0.03125 0.02232142857142857
3 0.6540178571428571 0.8660714285714285 0.03125 0.026785714285714284
3 0.5848214285714285 0.640625 0.017857142857142856 0.013392857142857142
3 0.6584821428571428 0.625 0.02232142857142857 0.017857142857142856
3 0.7209821428571428 0.6026785714285714 0.03125 0.017857142857142856
1 0.5491071428571428 0.7433035714285714 0.05357142857142857 0.03125
3 0.6339285714285714 0.49107142857142855 0.026785714285714284 0.026785714285714284
3 0.7053571428571428 0.6986607142857143 0.017857142857142856 0.02232142857142857
3 0.6696428571428571 0.6830357142857143 0.017857142857142856 0.017857142857142856
3 0.6897321428571428 0.7276785714285714 0.013392857142857142 0.017857142857142856
0 0.5848214285714285 0.5 0.6607142857142857 0.9107142857142857
