1 0.5334821428571428 0.4821428571428571 0.02232142857142857 0.017857142857142856
1 0.3839285714285714 0.5245535714285714 0.017857142857142856 0.013392857142857142
1 0.265625 0.5357142857142857 0.02232142857142857 0.017857142857142856
1 0.5111607142857143 0.40848214285714285 0.02232142857142857 0.013392857142857142
1 0.6383928571428571 0.31473214285714285 0.026785714285714284 0.02232142857142857
1 0.7790178571428571 0.3995535714285714 0.02232142857142857 0.013392857142857142
1 0.5357142857142857 0.34375 0.017857142857142856 0.017857142857142856
1 0.3794642857142857 0.5982142857142857 0.017857142857142856 0.017857142857142856
1 0.671875 0.3794642857142857 0.013392857142857142 0.017857142857142856
1 0.5736607142857143 0.4263392857142857 0.013392857142857142 0.013392857142857142
1 0.4575892857142857 0.453125 0.02232142857142857 0.02232142857142857
1 0.6049107142857143 0.39732142857142855 0.03125 0.026785714285714284
0 0.49553571428571425 0.46875 0.6875 0.5714285714285714
