3 0.20982142857142855 0.6540178571428571 0.017857142857142856 0.013392857142857142
3 0.28125 0.6205357142857143 0.026785714285714284 0.017857142857142856
3 0.32366071428571425 0.609375 0.02232142857142857 0.013392857142857142
3 0.49553571428571425 0.5625 0.026785714285714284 0.017857142857142856
3 0.5602678571428571 0.5535714285714285 0.02232142857142857 0.017857142857142856
3 0.6026785714285714 0.5535714285714285 0.026785714285714284 0.017857142857142856
3 0.515625 0.6361607142857143 0.03125 0.02232142857142857
3 0.9486607142857142 0.3214285714285714 0.049107142857142856 0.03571428571428571
3 0.8816964285714285 0.41741071428571425 0.02232142857142857 0.013392857142857142
0 0.36607142857142855 0.6428571428571428 0.7232142857142857 0.3125
3 0.921875 0.37723214285714285 0.02232142857142857 0.03125
3 0.9419642857142857 0.35044642857142855 0.017857142857142856 0.02232142857142857
3 0.9129464285714285 0.23214285714285712 0.013392857142857142 0.008928571428571428
0 0.8660714285714285 0.2901785714285714 0.27678571428571425 0.4732142857142857
