0 0.5446428571428571 0.5133928571428571 0.9196428571428571 0.375
6 0.9040178571428571 0.5424107142857143 0.049107142857142856 0.05803571428571428
1 0.671875 0.5825892857142857 0.02232142857142857 0.02232142857142857
1 0.45535714285714285 0.5714285714285714 0.017857142857142856 0.017857142857142856
1 0.47544642857142855 0.5647321428571428 0.013392857142857142 0.013392857142857142
6 0.5334821428571428 0.3683035714285714 0.03125 0.013392857142857142
1 0.34151785714285715 0.4933035714285714 0.040178571428571425 0.02232142857142857
2 0.375 0.640625 0.03571428571428571 0.03125
1 0.27901785714285715 0.42410714285714285 0.02232142857142857 0.017857142857142856
1 0.22098214285714285 0.4575892857142857 0.02232142857142857 0.013392857142857142
1 0.19866071428571427 0.48660714285714285 0.02232142857142857 0.017857142857142856
1 0.18526785714285712 0.5223214285714285 0.02232142857142857 0.017857142857142856
1 0.296875 0.6183035714285714 0.02232142857142857 0.02232142857142857
1 0.22991071428571427 0.5803571428571428 0.02232142857142857 0.017857142857142856
1 0.21875 0.6138392857142857 0.017857142857142856 0.013392857142857142
1 0.5379464285714285 0.5044642857142857 0.02232142857142857 0.017857142857142856
1 0.578125 0.5982142857142857 0.013392857142857142 0.017857142857142856
1 0.8482142857142857 0.5245535714285714 0.017857142857142856 0.013392857142857142
1 0.41741071428571425 0.6138392857142857 0.02232142857142857 0.013392857142857142
1 0.45982142857142855 0.3794642857142857 0.017857142857142856 0.026785714285714284
6 0.5446428571428571 0.6227678571428571 0.017857142857142856 0.013392857142857142
1 0.6361607142857143 0.609375 0.013392857142857142 0.013392857142857142
1 0.4151785714285714 0.5714285714285714 0.017857142857142856 0.017857142857142856
1 0.6316964285714285 0.47544642857142855 0.03125 0.013392857142857142
1 0.8727678571428571 0.43303571428571425 0.013392857142857142 0.017857142857142856
1 0.43973214285714285 0.46875 0.02232142857142857 0.017857142857142856
1 0.44866071428571425 0.4308035714285714 0.02232142857142857 0.013392857142857142
1 0.31473214285714285 0.6205357142857143 0.013392857142857142 0.017857142857142856
1 0.2544642857142857 0.4308035714285714 0.017857142857142856 0.013392857142857142
1 0.5066964285714285 0.6116071428571428 0.02232142857142857 0.017857142857142856
1 0.7053571428571428 0.44866071428571425 0.017857142857142856 0.013392857142857142
1 0.49553571428571425 0.36160714285714285 0.026785714285714284 0.017857142857142856
