0 0.4308035714285714 0.5535714285714285 0.4151785714285714 0.7053571428571428
3 0.3727678571428571 0.40178571428571425 0.03125 0.026785714285714284
3 0.45535714285714285 0.36607142857142855 0.026785714285714284 0.017857142857142856
3 0.5 0.34598214285714285 0.026785714285714284 0.02232142857142857
3 0.3794642857142857 0.5200892857142857 0.026785714285714284 0.02232142857142857
3 0.4040178571428571 0.5669642857142857 0.02232142857142857 0.017857142857142856
3 0.4665178571428571 0.49553571428571425 0.02232142857142857 0.017857142857142856
3 0.48660714285714285 0.5245535714285714 0.05357142857142857 0.03125
1 0.42410714285714285 0.7544642857142857 0.026785714285714284 0.026785714285714284
1 0.5424107142857143 0.6584821428571428 0.02232142857142857 0.02232142857142857
