1 0.5647321428571428 0.4308035714285714 0.049107142857142856 0.03125
1 0.6450892857142857 0.27232142857142855 0.040178571428571425 0.03571428571428571
1 0.7410714285714285 0.2544642857142857 0.017857142857142856 0.017857142857142856
1 0.6049107142857143 0.6272321428571428 0.02232142857142857 0.03125
1 0.421875 0.47991071428571425 0.03125 0.03125
3 0.6071428571428571 0.328125 0.03571428571428571 0.03125
3 0.6830357142857143 0.3013392857142857 0.026785714285714284 0.02232142857142857
3 0.46428571428571425 0.6517857142857143 0.026785714285714284 0.03571428571428571
3 0.6026785714285714 0.671875 0.017857142857142856 0.02232142857142857
3 0.3638392857142857 0.5982142857142857 0.02232142857142857 0.017857142857142856
0 0.6383928571428571 0.46875 0.6785714285714285 0.6071428571428571
