0 0.4575892857142857 0.5379464285714285 0.6919642857142857 0.8258928571428571
1 0.4732142857142857 0.35044642857142855 0.04464285714285714 0.03125
2 0.2075892857142857 0.546875 0.040178571428571425 0.03125
2 0.3571428571428571 0.7276785714285714 0.08035714285714285 0.07142857142857142
3 0.5535714285714285 0.7209821428571428 0.03571428571428571 0.03125
1 0.24330357142857142 0.6004464285714285 0.040178571428571425 0.03125
3 0.4821428571428571 0.8504464285714285 0.03571428571428571 0.040178571428571425
1 0.640625 0.43973214285714285 0.040178571428571425 0.03125
1 0.5491071428571428 0.8482142857142857 0.026785714285714284 0.026785714285714284
3 0.5044642857142857 0.7857142857142857 0.026785714285714284 0.017857142857142856
