3 0.5669642857142857 0.4821428571428571 0.026785714285714284 0.026785714285714284
3 0.46428571428571425 0.4375 0.026785714285714284 0.017857142857142856
3 0.4888392857142857 0.5848214285714285 0.03125 0.026785714285714284
3 0.5022321428571428 0.35491071428571425 0.03125 0.02232142857142857
3 0.4933035714285714 0.32366071428571425 0.03125 0.02232142857142857
3 0.4821428571428571 0.2857142857142857 0.026785714285714284 0.026785714285714284
3 0.5825892857142857 0.2745535714285714 0.03125 0.02232142857142857
3 0.39732142857142855 0.3839285714285714 0.026785714285714284 0.017857142857142856
3 0.5111607142857143 0.6830357142857143 0.02232142857142857 0.017857142857142856
3 0.39732142857142855 0.5736607142857143 0.026785714285714284 0.02232142857142857
0 0.5111607142857143 0.4464285714285714 0.53125 0.6428571428571428
