3 0.4107142857142857 0.5848214285714285 0.026785714285714284 0.026785714285714284
3 0.7433035714285714 0.6450892857142857 0.040178571428571425 0.03125
3 0.5959821428571428 0.7165178571428571 0.03125 0.02232142857142857
3 0.53125 0.7276785714285714 0.03571428571428571 0.026785714285714284
3 0.5535714285714285 0.7857142857142857 0.03571428571428571 0.026785714285714284
3 0.6919642857142857 0.7745535714285714 0.03571428571428571 0.03125
3 0.6674107142857143 0.5044642857142857 0.03125 0.026785714285714284
3 0.4040178571428571 0.453125 0.03125 0.03125
3 0.6071428571428571 0.6741071428571428 0.026785714285714284 0.026785714285714284
3 0.6294642857142857 0.7388392857142857 0.026785714285714284 0.03125
3 0.6584821428571428 0.8258928571428571 0.03125 0.026785714285714284
0 0.5424107142857143 0.5647321428571428 0.7366071428571428 0.8616071428571428
3 0.6852678571428571 0.5558035714285714 0.02232142857142857 0.02232142857142857
3 0.6875 0.33482142857142855 0.03571428571428571 0.026785714285714284
3 0.7232142857142857 0.47991071428571425 0.026785714285714284 0.03125
3 0.78125 0.5133928571428571 0.026785714285714284 0.026785714285714284
