1 0.49107142857142855 0.2589285714285714 0.04464285714285714 0.03571428571428571
1 0.42410714285714285 0.328125 0.03571428571428571 0.03125
1 0.29241071428571425 0.421875 0.040178571428571425 0.03125
1 0.2544642857142857 0.4196428571428571 0.026785714285714284 0.026785714285714284
1 0.5334821428571428 0.4776785714285714 0.06696428571428571 0.04464285714285714
1 0.5691964285714285 0.42857142857142855 0.040178571428571425 0.026785714285714284
1 0.640625 0.41741071428571425 0.07589285714285714 0.049107142857142856
1 0.6316964285714285 0.5736607142857143 0.049107142857142856 0.049107142857142856
1 0.5803571428571428 0.6116071428571428 0.03571428571428571 0.026785714285714284
1 0.5758928571428571 0.5825892857142857 0.026785714285714284 0.02232142857142857
1 0.45982142857142855 0.6852678571428571 0.026785714285714284 0.02232142857142857
1 0.4620535714285714 0.7410714285714285 0.05803571428571428 0.04464285714285714
1 0.42410714285714285 0.40848214285714285 0.04464285714285714 0.03125
1 0.39732142857142855 0.1294642857142857 0.05357142857142857 0.03571428571428571
0 0.4933035714285714 0.4776785714285714 0.7276785714285714 0.875
