1 0.49107142857142855 0.6651785714285714 0.03571428571428571 0.026785714285714284
1 0.5111607142857143 0.7008928571428571 0.02232142857142857 0.026785714285714284
2 0.5513392857142857 0.4375 0.05803571428571428 0.05357142857142857
1 0.5736607142857143 0.3995535714285714 0.049107142857142856 0.03125
1 0.5892857142857143 0.49107142857142855 0.11607142857142856 0.05357142857142857
1 0.6450892857142857 0.5290178571428571 0.08482142857142856 0.05803571428571428
1 0.6852678571428571 0.453125 0.049107142857142856 0.040178571428571425
1 0.5044642857142857 0.5647321428571428 0.04464285714285714 0.03125
1 0.6651785714285714 0.7254464285714285 0.03571428571428571 0.03125
1 0.5535714285714285 0.7053571428571428 0.05357142857142857 0.05357142857142857
2 0.41294642857142855 0.625 0.040178571428571425 0.03571428571428571
1 0.36160714285714285 0.4888392857142857 0.026785714285714284 0.02232142857142857
0 0.5535714285714285 0.5669642857142857 0.6785714285714285 0.75
