0 0.4933035714285714 0.5044642857142857 0.9776785714285714 1.0
2 0.3683035714285714 0.3950892857142857 0.07589285714285714 0.06696428571428571
2 0.21428571428571427 0.40178571428571425 0.11607142857142856 0.07142857142857142
2 0.18080357142857142 0.5066964285714285 0.1294642857142857 0.11160714285714285
2 0.1919642857142857 0.6004464285714285 0.08928571428571427 0.05803571428571428
2 0.23214285714285712 0.6584821428571428 0.09821428571428571 0.09375
1 0.6808035714285714 0.46428571428571425 0.03125 0.026785714285714284
1 0.6629464285714285 0.6919642857142857 0.049107142857142856 0.04464285714285714
1 0.6138392857142857 0.19419642857142855 0.03125 0.03125
1 0.30803571428571425 0.4620535714285714 0.03571428571428571 0.03125
2 0.3169642857142857 0.6160714285714285 0.03571428571428571 0.026785714285714284
1 0.16964285714285712 0.29910714285714285 0.03571428571428571 0.026785714285714284
