0 0.49553571428571425 0.5714285714285714 0.4196428571428571 0.5178571428571428
2 0.4732142857142857 0.6852678571428571 0.026785714285714284 0.03125
2 0.3950892857142857 0.6428571428571428 0.02232142857142857 0.017857142857142856
2 0.5513392857142857 0.4977678571428571 0.02232142857142857 0.02232142857142857
2 0.6026785714285714 0.421875 0.017857142857142856 0.02232142857142857
2 0.5357142857142857 0.6071428571428571 0.017857142857142856 0.026785714285714284
2 0.6004464285714285 0.5133928571428571 0.02232142857142857 0.017857142857142856
2 0.44419642857142855 0.7366071428571428 0.02232142857142857 0.017857142857142856
2 0.46875 0.6138392857142857 0.017857142857142856 0.02232142857142857
2 0.6116071428571428 0.37723214285714285 0.017857142857142856 0.013392857142857142
