0 0.4464285714285714 0.4888392857142857 0.8839285714285714 0.40625
2 0.6316964285714285 0.5379464285714285 0.07589285714285714 0.040178571428571425
2 0.7879464285714285 0.5446428571428571 0.07589285714285714 0.03571428571428571
2 0.7053571428571428 0.3794642857142857 0.08035714285714285 0.0625
2 0.3013392857142857 0.546875 0.06696428571428571 0.049107142857142856
2 0.14732142857142858 0.5223214285714285 0.03571428571428571 0.03571428571428571
2 0.5446428571428571 0.5758928571428571 0.04464285714285714 0.04464285714285714
2 0.4308035714285714 0.4352678571428571 0.05803571428571428 0.03125
2 0.25669642857142855 0.4352678571428571 0.05803571428571428 0.03125
2 0.33928571428571425 0.38169642857142855 0.08035714285714285 0.03125
2 0.46428571428571425 0.5357142857142857 0.04464285714285714 0.026785714285714284
