3 0.6607142857142857 0.5223214285714285 0.0625 0.026785714285714284
3 0.4107142857142857 0.4821428571428571 0.08035714285714285 0.017857142857142856
3 0.39732142857142855 0.4508928571428571 0.03571428571428571 0.03571428571428571
3 0.4776785714285714 0.43973214285714285 0.05357142857142857 0.040178571428571425
3 0.7544642857142857 0.5647321428571428 0.03571428571428571 0.03125
3 0.7120535714285714 0.5803571428571428 0.03125 0.017857142857142856
3 0.5848214285714285 0.5089285714285714 0.05357142857142857 0.026785714285714284
3 0.5178571428571428 0.47991071428571425 0.0625 0.03125
3 0.328125 0.4665178571428571 0.040178571428571425 0.02232142857142857
3 0.5513392857142857 0.5691964285714285 0.049107142857142856 0.02232142857142857
3 0.7209821428571428 0.4933035714285714 0.040178571428571425 0.03125
3 0.47098214285714285 0.5200892857142857 0.049107142857142856 0.02232142857142857
3 0.40848214285714285 0.40178571428571425 0.02232142857142857 0.017857142857142856
3 0.34598214285714285 0.43303571428571425 0.049107142857142856 0.03571428571428571
3 0.8080357142857142 0.5625 0.05357142857142857 0.03571428571428571
0 0.6049107142857143 0.4888392857142857 0.6383928571428571 0.2544642857142857
