0 0.29910714285714285 0.3325892857142857 0.5089285714285714 0.42410714285714285
1 0.22767857142857142 0.34598214285714285 0.026785714285714284 0.02232142857142857
1 0.2857142857142857 0.34375 0.017857142857142856 0.017857142857142856
1 0.27232142857142855 0.36607142857142855 0.008928571428571428 0.008928571428571428
1 0.2901785714285714 0.42410714285714285 0.017857142857142856 0.017857142857142856
1 0.203125 0.39732142857142855 0.02232142857142857 0.026785714285714284
1 0.27232142857142855 0.2700892857142857 0.017857142857142856 0.02232142857142857
1 0.3950892857142857 0.3325892857142857 0.013392857142857142 0.013392857142857142
1 0.19866071428571427 0.27678571428571425 0.02232142857142857 0.017857142857142856
2 0.390625 0.4419642857142857 0.03125 0.026785714285714284
1 0.3125 0.25223214285714285 0.017857142857142856 0.02232142857142857
1 0.15625 0.19642857142857142 0.017857142857142856 0.017857142857142856
