3 0.40178571428571425 0.46875 0.05357142857142857 0.05357142857142857
3 0.5267857142857143 0.4732142857142857 0.08035714285714285 0.0625
3 0.5691964285714285 0.5580357142857143 0.09375 0.07142857142857142
3 0.625 0.6383928571428571 0.08035714285714285 0.07142857142857142
3 0.5982142857142857 0.7142857142857142 0.08928571428571427 0.08035714285714285
3 0.5848214285714285 0.8080357142857142 0.03571428571428571 0.0625
3 0.6808035714285714 0.7433035714285714 0.06696428571428571 0.08482142857142856
3 0.3526785714285714 0.625 0.05357142857142857 0.08035714285714285
3 0.34375 0.5513392857142857 0.04464285714285714 0.05803571428571428
3 0.49553571428571425 0.6138392857142857 0.0625 0.08482142857142856
3 0.625 0.8549107142857142 0.04464285714285714 0.09375
3 0.3883928571428571 0.7209821428571428 0.04464285714285714 0.040178571428571425
3 0.3638392857142857 0.8058035714285714 0.03125 0.049107142857142856
3 0.5223214285714285 0.7299107142857142 0.03571428571428571 0.02232142857142857
3 0.6272321428571428 0.4821428571428571 0.07589285714285714 0.10714285714285714
3 0.45982142857142855 0.8125 0.026785714285714284 0.026785714285714284
3 0.5290178571428571 0.7745535714285714 0.040178571428571425 0.040178571428571425
3 0.421875 0.8370535714285714 0.049107142857142856 0.02232142857142857
0 0.5089285714285714 0.6808035714285714 0.45535714285714285 0.6473214285714285
