0 0.40848214285714285 0.5513392857142857 0.7455357142857142 0.49553571428571425
1 0.23214285714285712 0.5714285714285714 0.026785714285714284 0.03571428571428571
1 0.47544642857142855 0.5245535714285714 0.02232142857142857 0.03125
1 0.5803571428571428 0.40848214285714285 0.026785714285714284 0.03125
1 0.5825892857142857 0.4665178571428571 0.02232142857142857 0.02232142857142857
1 0.5290178571428571 0.4933035714285714 0.02232142857142857 0.03125
1 0.6160714285714285 0.5200892857142857 0.017857142857142856 0.02232142857142857
1 0.5803571428571428 0.6227678571428571 0.017857142857142856 0.02232142857142857
1 0.5357142857142857 0.6428571428571428 0.017857142857142856 0.017857142857142856
1 0.5066964285714285 0.6651785714285714 0.013392857142857142 0.017857142857142856
1 0.4464285714285714 0.6852678571428571 0.008928571428571428 0.013392857142857142
1 0.6428571428571428 0.45982142857142855 0.017857142857142856 0.017857142857142856
1 0.5133928571428571 0.390625 0.017857142857142856 0.03125
1 0.5089285714285714 0.47544642857142855 0.017857142857142856 0.02232142857142857
1 0.4977678571428571 0.43303571428571425 0.013392857142857142 0.026785714285714284
1 0.6071428571428571 0.5758928571428571 0.008928571428571428 0.017857142857142856
1 0.609375 0.484375 0.013392857142857142 0.02232142857142857
1 0.546875 0.6651785714285714 0.013392857142857142 0.017857142857142856
