0 0.6004464285714285 0.4464285714285714 0.39732142857142855 0.46428571428571425
3 0.5133928571428571 0.4352678571428571 0.03571428571428571 0.03125
3 0.5558035714285714 0.3794642857142857 0.040178571428571425 0.03571428571428571
3 0.5558035714285714 0.34151785714285715 0.040178571428571425 0.040178571428571425
3 0.5848214285714285 0.5111607142857143 0.0625 0.040178571428571425
3 0.6116071428571428 0.5669642857142857 0.04464285714285714 0.03571428571428571
3 0.5513392857142857 0.6227678571428571 0.03125 0.02232142857142857
3 0.734375 0.5647321428571428 0.049107142857142856 0.03125
3 0.734375 0.47098214285714285 0.03125 0.02232142857142857
3 0.6116071428571428 0.390625 0.03571428571428571 0.10267857142857142
3 0.6227678571428571 0.4620535714285714 0.02232142857142857 0.03125
3 0.6540178571428571 0.546875 0.02232142857142857 0.040178571428571425
3 0.5066964285714285 0.5245535714285714 0.02232142857142857 0.013392857142857142
3 0.5089285714285714 0.5066964285714285 0.017857142857142856 0.013392857142857142
3 0.59375 0.6026785714285714 0.017857142857142856 0.017857142857142856
3 0.6004464285714285 0.6160714285714285 0.02232142857142857 0.017857142857142856
3 0.6607142857142857 0.3482142857142857 0.026785714285714284 0.017857142857142856
3 0.6651785714285714 0.44866071428571425 0.026785714285714284 0.02232142857142857
