1 0.5111607142857143 0.45535714285714285 0.040178571428571425 0.026785714285714284
1 0.5915178571428571 0.7745535714285714 0.03125 0.03125
1 0.5200892857142857 0.6964285714285714 0.03125 0.017857142857142856
1 0.4977678571428571 0.5602678571428571 0.03125 0.02232142857142857
1 0.734375 0.7857142857142857 0.02232142857142857 0.026785714285714284
1 0.4352678571428571 0.8727678571428571 0.03125 0.02232142857142857
1 0.4352678571428571 0.36607142857142855 0.03125 0.017857142857142856
0 0.5379464285714285 0.640625 0.5133928571428571 0.7276785714285714
2 0.640625 0.7232142857142857 0.07589285714285714 0.04464285714285714
2 0.5647321428571428 0.6026785714285714 0.03125 0.026785714285714284
