3 0.5491071428571428 0.45535714285714285 0.026785714285714284 0.026785714285714284
3 0.4375 0.46428571428571425 0.026785714285714284 0.017857142857142856
3 0.5290178571428571 0.5848214285714285 0.03125 0.026785714285714284
3 0.4352678571428571 0.3727678571428571 0.03125 0.02232142857142857
3 0.40848214285714285 0.35044642857142855 0.03125 0.02232142857142857
3 0.3839285714285714 0.3214285714285714 0.026785714285714284 0.026785714285714284
3 0.4620535714285714 0.265625 0.03125 0.02232142857142857
3 0.3526785714285714 0.4508928571428571 0.026785714285714284 0.017857142857142856
3 0.5915178571428571 0.6607142857142857 0.02232142857142857 0.017857142857142856
3 0.4419642857142857 0.6138392857142857 0.026785714285714284 0.02232142857142857
0 0.484375 0.4508928571428571 0.53125 0.6428571428571428
