1 0.33928571428571425 0.35044642857142855 0.017857142857142856 0.02232142857142857
3 0.29910714285714285 0.4665178571428571 0.04464285714285714 0.03125
1 0.30357142857142855 0.5424107142857143 0.026785714285714284 0.02232142857142857
3 0.3482142857142857 0.5513392857142857 0.026785714285714284 0.02232142857142857
3 0.47991071428571425 0.4665178571428571 0.02232142857142857 0.02232142857142857
3 0.40178571428571425 0.453125 0.017857142857142856 0.013392857142857142
3 0.33035714285714285 0.6026785714285714 0.026785714285714284 0.017857142857142856
3 0.3839285714285714 0.7276785714285714 0.026785714285714284 0.026785714285714284
3 0.4107142857142857 0.7142857142857142 0.017857142857142856 0.017857142857142856
3 0.4888392857142857 0.546875 0.02232142857142857 0.02232142857142857
3 0.49553571428571425 0.4977678571428571 0.017857142857142856 0.02232142857142857
3 0.4464285714285714 0.43973214285714285 0.017857142857142856 0.02232142857142857
0 0.36160714285714285 0.5178571428571428 0.42857142857142855 0.5535714285714285
