0 0.4508928571428571 0.5022321428571428 0.7767857142857142 0.7455357142857142
1 0.6540178571428571 0.29241071428571425 0.03125 0.03125
1 0.5870535714285714 0.31919642857142855 0.03125 0.02232142857142857
1 0.5223214285714285 0.3482142857142857 0.03571428571428571 0.026785714285714284
1 0.31473214285714285 0.27232142857142855 0.040178571428571425 0.026785714285714284
1 0.19419642857142855 0.6517857142857143 0.040178571428571425 0.03571428571428571
1 0.421875 0.5982142857142857 0.03125 0.026785714285714284
1 0.35044642857142855 0.6629464285714285 0.03125 0.02232142857142857
1 0.6316964285714285 0.7678571428571428 0.040178571428571425 0.04464285714285714
2 0.5334821428571428 0.6227678571428571 0.06696428571428571 0.049107142857142856
1 0.4040178571428571 0.6741071428571428 0.02232142857142857 0.017857142857142856
1 0.4732142857142857 0.7433035714285714 0.026785714285714284 0.03125
1 0.6919642857142857 0.32589285714285715 0.026785714285714284 0.017857142857142856
1 0.2232142857142857 0.6785714285714285 0.026785714285714284 0.017857142857142856
1 0.4732142857142857 0.8504464285714285 0.03571428571428571 0.02232142857142857
