0 0.5803571428571428 0.625 0.6428571428571428 0.75
1 0.43973214285714285 0.6205357142857143 0.049107142857142856 0.03571428571428571
1 0.39732142857142855 0.4977678571428571 0.03571428571428571 0.02232142857142857
1 0.65625 0.6071428571428571 0.04464285714285714 0.026785714285714284
1 0.7566964285714285 0.6004464285714285 0.03125 0.02232142857142857
7 0.47544642857142855 0.7745535714285714 0.06696428571428571 0.040178571428571425
7 0.49553571428571425 0.8258928571428571 0.026785714285714284 0.026785714285714284
7 0.5357142857142857 0.8370535714285714 0.017857142857142856 0.013392857142857142
7 0.49107142857142855 0.6941964285714285 0.017857142857142856 0.013392857142857142
7 0.5 0.7142857142857142 0.017857142857142856 0.008928571428571428
