1 0.37053571428571425 0.5044642857142857 0.03571428571428571 0.03571428571428571
1 0.42857142857142855 0.5424107142857143 0.03571428571428571 0.03125
1 0.24107142857142855 0.5379464285714285 0.03571428571428571 0.03125
1 0.3571428571428571 0.5580357142857143 0.04464285714285714 0.03571428571428571
0 0.32366071428571425 0.6674107142857143 0.5848214285714285 0.6741071428571428
1 0.6428571428571428 0.30803571428571425 0.03571428571428571 0.026785714285714284
1 0.6785714285714285 0.40625 0.03571428571428571 0.026785714285714284
1 0.7053571428571428 0.4508928571428571 0.04464285714285714 0.026785714285714284
1 0.7120535714285714 0.43303571428571425 0.02232142857142857 0.017857142857142856
1 0.6584821428571428 0.33035714285714285 0.02232142857142857 0.017857142857142856
1 0.6897321428571428 0.35044642857142855 0.03125 0.02232142857142857
1 0.5870535714285714 0.3169642857142857 0.03125 0.017857142857142856
1 0.5558035714285714 0.3169642857142857 0.02232142857142857 0.017857142857142856
