1 0.5959821428571428 0.5044642857142857 0.02232142857142857 0.017857142857142856
1 0.6629464285714285 0.5133928571428571 0.02232142857142857 0.017857142857142856
1 0.7276785714285714 0.5267857142857143 0.017857142857142856 0.017857142857142856
1 0.484375 0.6361607142857143 0.02232142857142857 0.02232142857142857
1 0.4196428571428571 0.6294642857142857 0.017857142857142856 0.026785714285714284
1 0.30803571428571425 0.5223214285714285 0.026785714285714284 0.017857142857142856
1 0.27901785714285715 0.4151785714285714 0.02232142857142857 0.017857142857142856
1 0.38169642857142855 0.4308035714285714 0.02232142857142857 0.02232142857142857
1 0.7254464285714285 0.6361607142857143 0.02232142857142857 0.013392857142857142
1 0.53125 0.6897321428571428 0.017857142857142856 0.02232142857142857
1 0.7232142857142857 0.7276785714285714 0.017857142857142856 0.017857142857142856
0 0.5223214285714285 0.5334821428571428 0.6875 0.4508928571428571
