0 0.6517857142857143 0.5558035714285714 0.3571428571428571 0.46875
3 0.6495535714285714 0.40848214285714285 0.02232142857142857 0.013392857142857142
3 0.640625 0.4464285714285714 0.040178571428571425 0.017857142857142856
3 0.6227678571428571 0.4888392857142857 0.03125 0.02232142857142857
3 0.6026785714285714 0.5089285714285714 0.03571428571428571 0.017857142857142856
3 0.5758928571428571 0.5178571428571428 0.017857142857142856 0.017857142857142856
3 0.5602678571428571 0.5334821428571428 0.02232142857142857 0.013392857142857142
3 0.5513392857142857 0.546875 0.03125 0.013392857142857142
3 0.7767857142857142 0.5267857142857143 0.03571428571428571 0.026785714285714284
3 0.671875 0.6450892857142857 0.049107142857142856 0.02232142857142857
3 0.6651785714285714 0.6674107142857143 0.03571428571428571 0.02232142857142857
3 0.5825892857142857 0.46428571428571425 0.03125 0.017857142857142856
3 0.5424107142857143 0.4888392857142857 0.03125 0.013392857142857142
3 0.5200892857142857 0.5089285714285714 0.02232142857142857 0.017857142857142856
3 0.7232142857142857 0.46875 0.026785714285714284 0.017857142857142856
3 0.6517857142857143 0.4732142857142857 0.017857142857142856 0.017857142857142856
3 0.5825892857142857 0.5602678571428571 0.02232142857142857 0.013392857142857142
3 0.5267857142857143 0.625 0.026785714285714284 0.017857142857142856
3 0.5491071428571428 0.6026785714285714 0.017857142857142856 0.008928571428571428
3 0.5736607142857143 0.6138392857142857 0.02232142857142857 0.013392857142857142
3 0.5625 0.7075892857142857 0.026785714285714284 0.013392857142857142
3 0.5401785714285714 0.7209821428571428 0.017857142857142856 0.013392857142857142
3 0.6428571428571428 0.7098214285714285 0.017857142857142856 0.017857142857142856
3 0.6450892857142857 0.6941964285714285 0.02232142857142857 0.013392857142857142
3 0.765625 0.578125 0.03125 0.02232142857142857
3 0.71875 0.6383928571428571 0.03571428571428571 0.026785714285714284
3 0.6205357142857143 0.7455357142857142 0.017857142857142856 0.017857142857142856
3 0.7544642857142857 0.4263392857142857 0.017857142857142856 0.013392857142857142
3 0.7723214285714285 0.4464285714285714 0.026785714285714284 0.026785714285714284
3 0.703125 0.53125 0.040178571428571425 0.026785714285714284
3 0.7120535714285714 0.5714285714285714 0.02232142857142857 0.017857142857142856
3 0.6517857142857143 0.5870535714285714 0.017857142857142856 0.013392857142857142
