0 0.5647321428571428 0.6316964285714285 0.5758928571428571 0.6919642857142857
1 0.42857142857142855 0.6138392857142857 0.04464285714285714 0.03125
1 0.40178571428571425 0.48660714285714285 0.03571428571428571 0.017857142857142856
1 0.6473214285714285 0.6227678571428571 0.04464285714285714 0.02232142857142857
1 0.7433035714285714 0.625 0.03125 0.017857142857142856
7 0.4464285714285714 0.7700892857142857 0.0625 0.03125
7 0.4620535714285714 0.8258928571428571 0.02232142857142857 0.026785714285714284
7 0.5 0.8415178571428571 0.017857142857142856 0.013392857142857142
7 0.47098214285714285 0.6897321428571428 0.013392857142857142 0.013392857142857142
7 0.4776785714285714 0.7142857142857142 0.017857142857142856 0.008928571428571428
