0 0.7053571428571428 0.4575892857142857 0.17857142857142855 0.18303571428571427
0 0.6741071428571428 0.28348214285714285 0.14285714285714285 0.16517857142857142
0 0.8816964285714285 0.33482142857142855 0.16517857142857142 0.15178571428571427
0 0.15625 0.3794642857142857 0.29464285714285715 0.26785714285714285
1 0.6696428571428571 0.2388392857142857 0.017857142857142856 0.013392857142857142
1 0.6897321428571428 0.25223214285714285 0.013392857142857142 0.02232142857142857
1 0.6808035714285714 0.27901785714285715 0.013392857142857142 0.013392857142857142
1 0.6852678571428571 0.296875 0.013392857142857142 0.013392857142857142
1 0.7142857142857142 0.33928571428571425 0.017857142857142856 0.017857142857142856
1 0.7098214285714285 0.40178571428571425 0.017857142857142856 0.017857142857142856
1 0.7075892857142857 0.4263392857142857 0.013392857142857142 0.013392857142857142
1 0.7098214285714285 0.45982142857142855 0.017857142857142856 0.017857142857142856
1 0.8883928571428571 0.3214285714285714 0.017857142857142856 0.017857142857142856
1 0.8504464285714285 0.32366071428571425 0.013392857142857142 0.013392857142857142
1 0.8616071428571428 0.3370535714285714 0.008928571428571428 0.013392857142857142
1 0.859375 0.390625 0.013392857142857142 0.013392857142857142
1 0.8794642857142857 0.3794642857142857 0.017857142857142856 0.008928571428571428
1 0.04464285714285714 0.3950892857142857 0.017857142857142856 0.013392857142857142
1 0.05133928571428571 0.37053571428571425 0.013392857142857142 0.008928571428571428
