3 0.6116071428571428 0.42857142857142855 0.0625 0.05357142857142857
3 0.6049107142857143 0.5625 0.06696428571428571 0.0625
3 0.6852678571428571 0.5424107142857143 0.07589285714285714 0.09375
3 0.7901785714285714 0.5736607142857143 0.026785714285714284 0.02232142857142857
3 0.609375 0.6205357142857143 0.02232142857142857 0.017857142857142856
3 0.7142857142857142 0.6361607142857143 0.026785714285714284 0.02232142857142857
3 0.6428571428571428 0.6897321428571428 0.03571428571428571 0.03125
7 0.6495535714285714 0.7455357142857142 0.03125 0.026785714285714284
3 0.6763392857142857 0.8035714285714285 0.049107142857142856 0.07142857142857142
3 0.6227678571428571 0.8683035714285714 0.03125 0.02232142857142857
3 0.6607142857142857 0.8616071428571428 0.026785714285714284 0.026785714285714284
3 0.5892857142857143 0.640625 0.017857142857142856 0.013392857142857142
3 0.6584821428571428 0.6205357142857143 0.02232142857142857 0.017857142857142856
3 0.7232142857142857 0.5959821428571428 0.026785714285714284 0.013392857142857142
1 0.5513392857142857 0.7433035714285714 0.049107142857142856 0.03125
3 0.6339285714285714 0.48660714285714285 0.026785714285714284 0.026785714285714284
3 0.7053571428571428 0.6919642857142857 0.017857142857142856 0.017857142857142856
3 0.671875 0.6808035714285714 0.013392857142857142 0.013392857142857142
3 0.6941964285714285 0.7276785714285714 0.013392857142857142 0.017857142857142856
0 0.5825892857142857 0.49553571428571425 0.6473214285714285 0.9017857142857142
