0 0.5 0.5290178571428571 0.7767857142857142 0.7633928571428571
2 0.5491071428571428 0.3169642857142857 0.04464285714285714 0.03571428571428571
6 0.6004464285714285 0.36607142857142855 0.040178571428571425 0.03571428571428571
6 0.7142857142857142 0.38616071428571425 0.03571428571428571 0.02232142857142857
6 0.3727678571428571 0.6294642857142857 0.03125 0.017857142857142856
6 0.7232142857142857 0.7165178571428571 0.03571428571428571 0.02232142857142857
6 0.8191964285714285 0.6450892857142857 0.03125 0.02232142857142857
1 0.6830357142857143 0.33928571428571425 0.017857142857142856 0.017857142857142856
2 0.5290178571428571 0.5736607142857143 0.02232142857142857 0.03125
2 0.5848214285714285 0.7209821428571428 0.03571428571428571 0.03125
