3 0.47991071428571425 0.53125 0.03125 0.026785714285714284
3 0.5848214285714285 0.5133928571428571 0.026785714285714284 0.03571428571428571
3 0.3683035714285714 0.6450892857142857 0.02232142857142857 0.02232142857142857
3 0.29464285714285715 0.5491071428571428 0.017857142857142856 0.017857142857142856
3 0.43973214285714285 0.5111607142857143 0.013392857142857142 0.013392857142857142
3 0.3683035714285714 0.4933035714285714 0.013392857142857142 0.013392857142857142
3 0.40848214285714285 0.3638392857142857 0.013392857142857142 0.013392857142857142
3 0.43973214285714285 0.4107142857142857 0.02232142857142857 0.017857142857142856
3 0.5535714285714285 0.6875 0.017857142857142856 0.017857142857142856
3 0.4977678571428571 0.6808035714285714 0.013392857142857142 0.013392857142857142
3 0.4821428571428571 0.4375 0.017857142857142856 0.017857142857142856
3 0.5111607142857143 0.4508928571428571 0.013392857142857142 0.008928571428571428
3 0.4821428571428571 0.5736607142857143 0.017857142857142856 0.013392857142857142
3 0.4575892857142857 0.6584821428571428 0.013392857142857142 0.013392857142857142
3 0.39285714285714285 0.49107142857142855 0.017857142857142856 0.017857142857142856
3 0.5424107142857143 0.46428571428571425 0.013392857142857142 0.008928571428571428
3 0.4263392857142857 0.6316964285714285 0.013392857142857142 0.013392857142857142
0 0.4040178571428571 0.5111607142857143 0.5044642857142857 0.5758928571428571
