0 0.5111607142857143 0.5290178571428571 0.5044642857142857 0.49553571428571425
2 0.5401785714285714 0.59375 0.05357142857142857 0.07142857142857142
2 0.3683035714285714 0.6450892857142857 0.03125 0.049107142857142856
2 0.29910714285714285 0.5044642857142857 0.03571428571428571 0.05357142857142857
2 0.3638392857142857 0.46875 0.02232142857142857 0.03571428571428571
2 0.6741071428571428 0.6071428571428571 0.04464285714285714 0.03571428571428571
2 0.6272321428571428 0.6741071428571428 0.10267857142857142 0.07142857142857142
2 0.5647321428571428 0.7477678571428571 0.03125 0.03125
2 0.3727678571428571 0.41294642857142855 0.03125 0.040178571428571425
2 0.640625 0.7366071428571428 0.049107142857142856 0.026785714285714284
2 0.4933035714285714 0.32366071428571425 0.05803571428571428 0.02232142857142857
