0 0.6004464285714285 0.5870535714285714 0.46875 0.6026785714285714
1 0.5379464285714285 0.36607142857142855 0.03125 0.017857142857142856
3 0.5870535714285714 0.5982142857142857 0.02232142857142857 0.017857142857142856
3 0.5334821428571428 0.6071428571428571 0.02232142857142857 0.017857142857142856
3 0.49553571428571425 0.6495535714285714 0.017857142857142856 0.02232142857142857
3 0.5803571428571428 0.6852678571428571 0.017857142857142856 0.02232142857142857
3 0.6651785714285714 0.6607142857142857 0.017857142857142856 0.017857142857142856
3 0.6160714285714285 0.6071428571428571 0.017857142857142856 0.017857142857142856
3 0.6383928571428571 0.7142857142857142 0.017857142857142856 0.017857142857142856
3 0.5870535714285714 0.7008928571428571 0.013392857142857142 0.008928571428571428
3 0.6294642857142857 0.765625 0.017857142857142856 0.013392857142857142
3 0.6383928571428571 0.7433035714285714 0.017857142857142856 0.02232142857142857
3 0.5870535714285714 0.7522321428571428 0.013392857142857142 0.013392857142857142
3 0.5267857142857143 0.6696428571428571 0.017857142857142856 0.017857142857142856
3 0.6026785714285714 0.5736607142857143 0.017857142857142856 0.013392857142857142
3 0.5915178571428571 0.7276785714285714 0.013392857142857142 0.017857142857142856
