0 0.453125 0.5290178571428571 0.71875 0.84375
1 0.5 0.34598214285714285 0.04464285714285714 0.03125
2 0.203125 0.4933035714285714 0.040178571428571425 0.03125
2 0.3214285714285714 0.6986607142857143 0.08035714285714285 0.07589285714285714
3 0.515625 0.7254464285714285 0.040178571428571425 0.03125
1 0.23214285714285712 0.5558035714285714 0.04464285714285714 0.03125
3 0.4196428571428571 0.8415178571428571 0.03571428571428571 0.040178571428571425
1 0.6495535714285714 0.4620535714285714 0.040178571428571425 0.03125
1 0.48660714285714285 0.8504464285714285 0.026785714285714284 0.03125
3 0.45535714285714285 0.7790178571428571 0.026785714285714284 0.02232142857142857
