0 0.5066964285714285 0.5290178571428571 0.6116071428571428 0.6026785714285714
2 0.5178571428571428 0.6004464285714285 0.07142857142857142 0.08482142857142856
2 0.33928571428571425 0.6071428571428571 0.04464285714285714 0.05357142857142857
2 0.3058035714285714 0.4575892857142857 0.049107142857142856 0.05803571428571428
2 0.37723214285714285 0.4352678571428571 0.03125 0.040178571428571425
2 0.6450892857142857 0.6473214285714285 0.049107142857142856 0.04464285714285714
2 0.5848214285714285 0.6986607142857143 0.11607142857142856 0.09375
2 0.5044642857142857 0.7566964285714285 0.03571428571428571 0.040178571428571425
2 0.3995535714285714 0.3839285714285714 0.040178571428571425 0.04464285714285714
2 0.5803571428571428 0.7633928571428571 0.05357142857142857 0.03571428571428571
2 0.5401785714285714 0.32589285714285715 0.0625 0.03571428571428571
