0 0.703125 0.4508928571428571 0.17410714285714285 0.17857142857142855
0 0.6629464285714285 0.27678571428571425 0.13839285714285712 0.1607142857142857
0 0.875 0.31919642857142855 0.1607142857142857 0.14732142857142858
0 0.14955357142857142 0.39285714285714285 0.2901785714285714 0.2589285714285714
1 0.6607142857142857 0.23214285714285712 0.017857142857142856 0.008928571428571428
1 0.6808035714285714 0.24330357142857142 0.013392857142857142 0.02232142857142857
1 0.671875 0.2700892857142857 0.013392857142857142 0.013392857142857142
1 0.6808035714285714 0.29241071428571425 0.013392857142857142 0.013392857142857142
1 0.7098214285714285 0.3325892857142857 0.017857142857142856 0.013392857142857142
1 0.7053571428571428 0.39732142857142855 0.017857142857142856 0.017857142857142856
1 0.7075892857142857 0.41741071428571425 0.013392857142857142 0.013392857142857142
1 0.7053571428571428 0.45535714285714285 0.017857142857142856 0.017857142857142856
1 0.8816964285714285 0.30803571428571425 0.013392857142857142 0.017857142857142856
1 0.8415178571428571 0.31473214285714285 0.013392857142857142 0.013392857142857142
1 0.8571428571428571 0.32366071428571425 0.008928571428571428 0.013392857142857142
1 0.8549107142857142 0.375 0.013392857142857142 0.008928571428571428
1 0.8727678571428571 0.36607142857142855 0.013392857142857142 0.008928571428571428
1 0.040178571428571425 0.4107142857142857 0.017857142857142856 0.008928571428571428
1 0.046875 0.3839285714285714 0.013392857142857142 0.008928571428571428
