0 0.5066964285714285 0.5714285714285714 0.49553571428571425 0.5714285714285714
2 0.5044642857142857 0.6919642857142857 0.03571428571428571 0.03571428571428571
2 0.421875 0.6584821428571428 0.02232142857142857 0.02232142857142857
2 0.5491071428571428 0.49107142857142855 0.026785714285714284 0.026785714285714284
2 0.5870535714285714 0.4040178571428571 0.02232142857142857 0.02232142857142857
2 0.5558035714285714 0.6026785714285714 0.02232142857142857 0.026785714285714284
2 0.6004464285714285 0.49553571428571425 0.02232142857142857 0.017857142857142856
2 0.4888392857142857 0.7455357142857142 0.02232142857142857 0.017857142857142856
2 0.4888392857142857 0.6183035714285714 0.02232142857142857 0.02232142857142857
2 0.5870535714285714 0.3571428571428571 0.02232142857142857 0.017857142857142856
