1 0.4308035714285714 0.3683035714285714 0.03125 0.02232142857142857
1 0.4776785714285714 0.4151785714285714 0.04464285714285714 0.03571428571428571
1 0.484375 0.375 0.02232142857142857 0.017857142857142856
1 0.43303571428571425 0.43303571428571425 0.026785714285714284 0.017857142857142856
1 0.39285714285714285 0.5803571428571428 0.026785714285714284 0.026785714285714284
1 0.46428571428571425 0.44866071428571425 0.026785714285714284 0.02232142857142857
1 0.34598214285714285 0.7142857142857142 0.03125 0.03571428571428571
1 0.29464285714285715 0.4732142857142857 0.026785714285714284 0.026785714285714284
1 0.36607142857142855 0.7790178571428571 0.04464285714285714 0.03125
0 0.40178571428571425 0.5558035714285714 0.40178571428571425 0.5848214285714285
