3 0.4308035714285714 0.6049107142857143 0.02232142857142857 0.02232142857142857
3 0.7700892857142857 0.5803571428571428 0.03125 0.026785714285714284
3 0.6428571428571428 0.6875 0.026785714285714284 0.017857142857142856
3 0.5825892857142857 0.7120535714285714 0.03125 0.02232142857142857
3 0.6183035714285714 0.7633928571428571 0.03125 0.017857142857142856
3 0.7522321428571428 0.7209821428571428 0.03125 0.02232142857142857
3 0.6607142857142857 0.4665178571428571 0.026785714285714284 0.02232142857142857
3 0.39285714285714285 0.4776785714285714 0.026785714285714284 0.026785714285714284
3 0.6450892857142857 0.6450892857142857 0.02232142857142857 0.02232142857142857
3 0.6808035714285714 0.7008928571428571 0.02232142857142857 0.026785714285714284
3 0.7276785714285714 0.7790178571428571 0.026785714285714284 0.02232142857142857
0 0.5535714285714285 0.5513392857142857 0.5714285714285714 0.7455357142857142
3 0.6919642857142857 0.5111607142857143 0.017857142857142856 0.02232142857142857
3 0.640625 0.29241071428571425 0.03125 0.02232142857142857
3 0.7098214285714285 0.4263392857142857 0.017857142857142856 0.03125
3 0.7745535714285714 0.44419642857142855 0.02232142857142857 0.02232142857142857
