1 0.5245535714285714 0.5044642857142857 0.02232142857142857 0.026785714285714284
1 0.5357142857142857 0.5223214285714285 0.017857142857142856 0.017857142857142856
1 0.5044642857142857 0.5535714285714285 0.017857142857142856 0.026785714285714284
1 0.4665178571428571 0.5 0.02232142857142857 0.026785714285714284
1 0.6584821428571428 0.5714285714285714 0.013392857142857142 0.026785714285714284
1 0.6026785714285714 0.53125 0.017857142857142856 0.017857142857142856
1 0.6785714285714285 0.5669642857142857 0.017857142857142856 0.026785714285714284
1 0.75 0.5022321428571428 0.017857142857142856 0.02232142857142857
1 0.6808035714285714 0.5223214285714285 0.013392857142857142 0.017857142857142856
1 0.6540178571428571 0.5424107142857143 0.013392857142857142 0.02232142857142857
1 0.703125 0.5669642857142857 0.013392857142857142 0.017857142857142856
0 0.5870535714285714 0.5825892857142857 0.45982142857142855 0.30803571428571425
