1 0.7611607142857142 0.390625 0.040178571428571425 0.02232142857142857
1 0.7879464285714285 0.42857142857142855 0.02232142857142857 0.008928571428571428
3 0.6763392857142857 0.4933035714285714 0.02232142857142857 0.013392857142857142
3 0.6517857142857143 0.4620535714285714 0.017857142857142856 0.013392857142857142
3 0.6227678571428571 0.45982142857142855 0.013392857142857142 0.008928571428571428
3 0.5959821428571428 0.4732142857142857 0.013392857142857142 0.008928571428571428
3 0.6183035714285714 0.4933035714285714 0.013392857142857142 0.013392857142857142
3 0.5513392857142857 0.5022321428571428 0.013392857142857142 0.013392857142857142
3 0.5379464285714285 0.47991071428571425 0.013392857142857142 0.013392857142857142
3 0.453125 0.515625 0.02232142857142857 0.013392857142857142
3 0.4419642857142857 0.4977678571428571 0.008928571428571428 0.013392857142857142
3 0.4620535714285714 0.5401785714285714 0.02232142857142857 0.017857142857142856
3 0.3013392857142857 0.5803571428571428 0.02232142857142857 0.017857142857142856
3 0.19866071428571427 0.6116071428571428 0.02232142857142857 0.017857142857142856
3 0.5089285714285714 0.5290178571428571 0.017857142857142856 0.013392857142857142
3 0.41294642857142855 0.5424107142857143 0.02232142857142857 0.013392857142857142
3 0.8214285714285714 0.3482142857142857 0.026785714285714284 0.017857142857142856
3 0.8191964285714285 0.3638392857142857 0.02232142857142857 0.013392857142857142
3 0.78125 0.4151785714285714 0.017857142857142856 0.008928571428571428
0 0.5401785714285714 0.45535714285714285 0.7946428571428571 0.39285714285714285
