2 0.7857142857142857 0.5111607142857143 0.03571428571428571 0.03125
2 0.8013392857142857 0.5669642857142857 0.06696428571428571 0.0625
2 0.6004464285714285 0.48660714285714285 0.06696428571428571 0.03571428571428571
2 0.6205357142857143 0.7522321428571428 0.04464285714285714 0.05803571428571428
2 0.6674107142857143 0.7544642857142857 0.040178571428571425 0.05357142857142857
2 0.6138392857142857 0.6473214285714285 0.040178571428571425 0.03571428571428571
1 0.5267857142857143 0.6049107142857143 0.017857142857142856 0.013392857142857142
1 0.75 0.6696428571428571 0.017857142857142856 0.017857142857142856
1 0.6919642857142857 0.6964285714285714 0.017857142857142856 0.017857142857142856
1 0.6986607142857143 0.6339285714285714 0.02232142857142857 0.017857142857142856
0 0.6473214285714285 0.5691964285714285 0.5 0.5669642857142857
