0 0.4575892857142857 0.5089285714285714 0.90625 0.9017857142857142
1 0.6026785714285714 0.26785714285714285 0.03571428571428571 0.03571428571428571
1 0.5424107142857143 0.30357142857142855 0.03125 0.026785714285714284
1 0.4888392857142857 0.3482142857142857 0.040178571428571425 0.03571428571428571
1 0.26785714285714285 0.3214285714285714 0.04464285714285714 0.03571428571428571
1 0.234375 0.71875 0.049107142857142856 0.04464285714285714
1 0.4419642857142857 0.6160714285714285 0.03571428571428571 0.03571428571428571
1 0.39285714285714285 0.6941964285714285 0.03571428571428571 0.03125
1 0.6897321428571428 0.7321428571428571 0.049107142857142856 0.05357142857142857
2 0.5558035714285714 0.6116071428571428 0.07589285714285714 0.0625
1 0.4419642857142857 0.6941964285714285 0.026785714285714284 0.02232142857142857
1 0.5290178571428571 0.7410714285714285 0.03125 0.03571428571428571
1 0.6450892857142857 0.2901785714285714 0.03125 0.026785714285714284
1 0.2700892857142857 0.7388392857142857 0.03125 0.02232142857142857
1 0.5535714285714285 0.8504464285714285 0.03571428571428571 0.03125
