0 0.4732142857142857 0.5245535714285714 0.6875 0.59375
1 0.3839285714285714 0.38616071428571425 0.03571428571428571 0.049107142857142856
7 0.375 0.6450892857142857 0.03571428571428571 0.049107142857142856
7 0.29910714285714285 0.5982142857142857 0.017857142857142856 0.026785714285714284
7 0.39285714285714285 0.49553571428571425 0.017857142857142856 0.026785714285714284
7 0.4263392857142857 0.7299107142857142 0.02232142857142857 0.02232142857142857
7 0.26785714285714285 0.5625 0.017857142857142856 0.017857142857142856
7 0.3325892857142857 0.5669642857142857 0.013392857142857142 0.026785714285714284
7 0.31473214285714285 0.546875 0.013392857142857142 0.02232142857142857
7 0.5669642857142857 0.33482142857142855 0.017857142857142856 0.017857142857142856
7 0.25 0.4665178571428571 0.026785714285714284 0.02232142857142857
7 0.32589285714285715 0.6316964285714285 0.017857142857142856 0.03125
