0 0.48660714285714285 0.4620535714285714 0.6339285714285714 0.7633928571428571
1 0.31026785714285715 0.453125 0.02232142857142857 0.02232142857142857
1 0.35491071428571425 0.4040178571428571 0.02232142857142857 0.02232142857142857
1 0.3058035714285714 0.37723214285714285 0.013392857142857142 0.013392857142857142
1 0.5379464285714285 0.7053571428571428 0.03125 0.026785714285714284
1 0.5580357142857143 0.7321428571428571 0.026785714285714284 0.026785714285714284
1 0.32589285714285715 0.5848214285714285 0.026785714285714284 0.026785714285714284
1 0.34151785714285715 0.17857142857142855 0.03125 0.026785714285714284
1 0.2388392857142857 0.4419642857142857 0.03125 0.026785714285714284
7 0.48660714285714285 0.32589285714285715 0.017857142857142856 0.017857142857142856
7 0.484375 0.36160714285714285 0.03125 0.017857142857142856
7 0.4620535714285714 0.7098214285714285 0.03125 0.03571428571428571
7 0.4888392857142857 0.7299107142857142 0.02232142857142857 0.02232142857142857
7 0.5758928571428571 0.7633928571428571 0.026785714285714284 0.026785714285714284
7 0.3839285714285714 0.4352678571428571 0.017857142857142856 0.013392857142857142
1 0.3950892857142857 0.6852678571428571 0.02232142857142857 0.013392857142857142
