0 0.6071428571428571 0.5736607142857143 0.4464285714285714 0.4419642857142857
3 0.7053571428571428 0.4575892857142857 0.017857142857142856 0.013392857142857142
3 0.5580357142857143 0.6651785714285714 0.017857142857142856 0.017857142857142856
3 0.5959821428571428 0.6651785714285714 0.013392857142857142 0.008928571428571428
3 0.6138392857142857 0.5424107142857143 0.013392857142857142 0.02232142857142857
3 0.44866071428571425 0.6272321428571428 0.013392857142857142 0.013392857142857142
3 0.5066964285714285 0.6763392857142857 0.02232142857142857 0.013392857142857142
3 0.5982142857142857 0.734375 0.017857142857142856 0.013392857142857142
3 0.734375 0.4107142857142857 0.013392857142857142 0.008928571428571428
3 0.6227678571428571 0.4151785714285714 0.013392857142857142 0.008928571428571428
3 0.5803571428571428 0.5401785714285714 0.017857142857142856 0.017857142857142856
