0 0.6049107142857143 0.4977678571428571 0.7991071428571428 0.8348214285714285
1 0.5803571428571428 0.546875 0.05357142857142857 0.03125
7 0.47544642857142855 0.734375 0.03125 0.03125
2 0.5334821428571428 0.22991071428571427 0.05803571428571428 0.049107142857142856
2 0.6473214285714285 0.41294642857142855 0.05357142857142857 0.049107142857142856
2 0.7924107142857142 0.38169642857142855 0.06696428571428571 0.049107142857142856
3 0.3794642857142857 0.4888392857142857 0.017857142857142856 0.02232142857142857
3 0.5825892857142857 0.7477678571428571 0.03125 0.02232142857142857
3 0.9575892857142857 0.5513392857142857 0.02232142857142857 0.02232142857142857
7 0.5647321428571428 0.8571428571428571 0.02232142857142857 0.017857142857142856
