0 0.5357142857142857 0.5178571428571428 0.9375 0.45535714285714285
6 0.9017857142857142 0.578125 0.05357142857142857 0.05803571428571428
1 0.6651785714285714 0.5959821428571428 0.026785714285714284 0.02232142857142857
1 0.4508928571428571 0.5669642857142857 0.017857142857142856 0.017857142857142856
1 0.47098214285714285 0.5647321428571428 0.013392857142857142 0.013392857142857142
6 0.5424107142857143 0.37053571428571425 0.03125 0.017857142857142856
1 0.34598214285714285 0.47991071428571425 0.040178571428571425 0.02232142857142857
2 0.3638392857142857 0.6294642857142857 0.040178571428571425 0.03571428571428571
1 0.28794642857142855 0.40178571428571425 0.02232142857142857 0.017857142857142856
1 0.22544642857142855 0.43303571428571425 0.02232142857142857 0.017857142857142856
1 0.203125 0.45982142857142855 0.02232142857142857 0.017857142857142856
1 0.18526785714285712 0.49553571428571425 0.02232142857142857 0.017857142857142856
1 0.28794642857142855 0.6004464285714285 0.02232142857142857 0.02232142857142857
1 0.22767857142857142 0.5580357142857143 0.026785714285714284 0.017857142857142856
1 0.20982142857142855 0.5892857142857143 0.017857142857142856 0.017857142857142856
1 0.5379464285714285 0.5066964285714285 0.02232142857142857 0.02232142857142857
1 0.5691964285714285 0.6026785714285714 0.013392857142857142 0.017857142857142856
1 0.8482142857142857 0.5513392857142857 0.017857142857142856 0.013392857142857142
1 0.40848214285714285 0.6071428571428571 0.02232142857142857 0.017857142857142856
1 0.47098214285714285 0.37723214285714285 0.02232142857142857 0.03125
6 0.5357142857142857 0.625 0.017857142857142856 0.017857142857142856
1 0.6272321428571428 0.6227678571428571 0.013392857142857142 0.013392857142857142
1 0.4107142857142857 0.5625 0.017857142857142856 0.017857142857142856
1 0.6316964285714285 0.48660714285714285 0.03125 0.017857142857142856
1 0.8794642857142857 0.46875 0.017857142857142856 0.017857142857142856
1 0.44419642857142855 0.46428571428571425 0.02232142857142857 0.017857142857142856
1 0.4575892857142857 0.4263392857142857 0.02232142857142857 0.013392857142857142
1 0.3058035714285714 0.6026785714285714 0.013392857142857142 0.017857142857142856
1 0.26339285714285715 0.40848214285714285 0.017857142857142856 0.013392857142857142
1 0.4977678571428571 0.6116071428571428 0.02232142857142857 0.017857142857142856
1 0.7120535714285714 0.46875 0.02232142857142857 0.017857142857142856
1 0.5089285714285714 0.36160714285714285 0.026785714285714284 0.017857142857142856
