1 0.6004464285714285 0.40848214285714285 0.02232142857142857 0.02232142857142857
1 0.47098214285714285 0.5290178571428571 0.03125 0.02232142857142857
1 0.2388392857142857 0.5803571428571428 0.03125 0.026785714285714284
3 0.16964285714285712 0.6138392857142857 0.03571428571428571 0.03125
1 0.3995535714285714 0.7075892857142857 0.05803571428571428 0.05803571428571428
1 0.26116071428571425 0.24553571428571427 0.05803571428571428 0.026785714285714284
3 0.21205357142857142 0.7165178571428571 0.03125 0.02232142857142857
3 0.26339285714285715 0.7120535714285714 0.026785714285714284 0.03125
1 0.1450892857142857 0.5580357142857143 0.02232142857142857 0.017857142857142856
1 0.1875 0.32366071428571425 0.026785714285714284 0.02232142857142857
0 0.40178571428571425 0.5 0.6428571428571428 0.8125
