3 0.6004464285714285 0.6183035714285714 0.02232142857142857 0.02232142857142857
3 0.5133928571428571 0.5758928571428571 0.026785714285714284 0.017857142857142856
3 0.5334821428571428 0.6160714285714285 0.02232142857142857 0.03571428571428571
3 0.7053571428571428 0.59375 0.017857142857142856 0.026785714285714284
3 0.5602678571428571 0.5223214285714285 0.10267857142857142 0.03571428571428571
3 0.4821428571428571 0.4419642857142857 0.026785714285714284 0.017857142857142856
3 0.53125 0.41294642857142855 0.017857142857142856 0.02232142857142857
3 0.5825892857142857 0.4196428571428571 0.02232142857142857 0.026785714285714284
3 0.5758928571428571 0.39285714285714285 0.026785714285714284 0.017857142857142856
3 0.7589285714285714 0.4732142857142857 0.026785714285714284 0.017857142857142856
3 0.3526785714285714 0.47991071428571425 0.017857142857142856 0.02232142857142857
3 0.7879464285714285 0.4263392857142857 0.040178571428571425 0.02232142857142857
3 0.7678571428571428 0.13839285714285712 0.026785714285714284 0.017857142857142856
3 0.7991071428571428 0.07589285714285714 0.017857142857142856 0.017857142857142856
3 0.7433035714285714 0.12053571428571427 0.03125 0.017857142857142856
3 0.3325892857142857 0.14955357142857142 0.03125 0.02232142857142857
3 0.4308035714285714 0.171875 0.02232142857142857 0.02232142857142857
3 0.42857142857142855 0.24107142857142855 0.026785714285714284 0.017857142857142856
3 0.48660714285714285 0.22767857142857142 0.026785714285714284 0.017857142857142856
3 0.38616071428571425 0.203125 0.02232142857142857 0.02232142857142857
3 0.32589285714285715 0.10044642857142856 0.017857142857142856 0.02232142857142857
3 0.040178571428571425 0.06026785714285714 0.026785714285714284 0.02232142857142857
0 0.578125 0.6138392857142857 0.5401785714285714 0.6383928571428571
0 0.26116071428571425 0.1450892857142857 0.5133928571428571 0.28125
0 0.796875 0.11383928571428571 0.1919642857142857 0.21875
