0 0.4888392857142857 0.5691964285714285 0.3883928571428571 0.49553571428571425
2 0.45982142857142855 0.6852678571428571 0.026785714285714284 0.03125
2 0.3839285714285714 0.6339285714285714 0.017857142857142856 0.017857142857142856
2 0.5513392857142857 0.5022321428571428 0.02232142857142857 0.02232142857142857
2 0.6116071428571428 0.4263392857142857 0.017857142857142856 0.02232142857142857
2 0.53125 0.609375 0.017857142857142856 0.02232142857142857
2 0.6004464285714285 0.5178571428571428 0.02232142857142857 0.017857142857142856
2 0.42857142857142855 0.7321428571428571 0.017857142857142856 0.017857142857142856
2 0.45982142857142855 0.609375 0.017857142857142856 0.02232142857142857
2 0.6205357142857143 0.38169642857142855 0.017857142857142856 0.013392857142857142
