0 0.6629464285714285 0.5200892857142857 0.45982142857142855 0.5401785714285714
3 0.625 0.37723214285714285 0.026785714285714284 0.02232142857142857
3 0.6205357142857143 0.4151785714285714 0.04464285714285714 0.026785714285714284
3 0.6160714285714285 0.4620535714285714 0.03571428571428571 0.03125
3 0.6004464285714285 0.4821428571428571 0.040178571428571425 0.026785714285714284
3 0.578125 0.5 0.02232142857142857 0.017857142857142856
3 0.5669642857142857 0.5223214285714285 0.026785714285714284 0.017857142857142856
3 0.5602678571428571 0.5357142857142857 0.03125 0.017857142857142856
3 0.7745535714285714 0.45982142857142855 0.040178571428571425 0.03571428571428571
3 0.7008928571428571 0.5982142857142857 0.05357142857142857 0.03571428571428571
3 0.6986607142857143 0.6227678571428571 0.040178571428571425 0.03125
3 0.5714285714285714 0.4464285714285714 0.03571428571428571 0.026785714285714284
3 0.5401785714285714 0.47991071428571425 0.03571428571428571 0.02232142857142857
3 0.5223214285714285 0.5022321428571428 0.026785714285714284 0.02232142857142857
3 0.7075892857142857 0.41741071428571425 0.03125 0.02232142857142857
3 0.640625 0.4352678571428571 0.02232142857142857 0.02232142857142857
3 0.59375 0.5424107142857143 0.026785714285714284 0.02232142857142857
3 0.5558035714285714 0.6138392857142857 0.03125 0.02232142857142857
3 0.5714285714285714 0.5915178571428571 0.017857142857142856 0.013392857142857142
3 0.6004464285714285 0.59375 0.02232142857142857 0.017857142857142856
3 0.6116071428571428 0.6875 0.026785714285714284 0.017857142857142856
3 0.5915178571428571 0.7053571428571428 0.02232142857142857 0.017857142857142856
3 0.6852678571428571 0.671875 0.02232142857142857 0.02232142857142857
3 0.6852678571428571 0.6517857142857143 0.02232142857142857 0.017857142857142856
3 0.7767857142857142 0.515625 0.03571428571428571 0.03125
3 0.7433035714285714 0.5848214285714285 0.040178571428571425 0.03571428571428571
3 0.6785714285714285 0.7120535714285714 0.017857142857142856 0.02232142857142857
3 0.7299107142857142 0.37053571428571425 0.02232142857142857 0.017857142857142856
3 0.7522321428571428 0.38616071428571425 0.03125 0.03125
3 0.7008928571428571 0.4821428571428571 0.04464285714285714 0.03571428571428571
3 0.7232142857142857 0.5200892857142857 0.026785714285714284 0.02232142857142857
3 0.6651785714285714 0.5513392857142857 0.017857142857142856 0.013392857142857142
