0 0.46875 0.5267857142857143 0.8482142857142857 0.9375
1 0.4352678571428571 0.33482142857142855 0.03125 0.03571428571428571
1 0.35044642857142855 0.28348214285714285 0.03125 0.03125
1 0.5736607142857143 0.4151785714285714 0.03125 0.03571428571428571
1 0.39732142857142855 0.4732142857142857 0.03571428571428571 0.026785714285714284
1 0.4776785714285714 0.5200892857142857 0.03571428571428571 0.02232142857142857
1 0.5334821428571428 0.6428571428571428 0.040178571428571425 0.026785714285714284
1 0.43973214285714285 0.6696428571428571 0.049107142857142856 0.04464285714285714
1 0.3325892857142857 0.7700892857142857 0.03125 0.02232142857142857
1 0.32366071428571425 0.484375 0.03125 0.03125
1 0.2700892857142857 0.53125 0.02232142857142857 0.026785714285714284
1 0.23660714285714285 0.5602678571428571 0.03571428571428571 0.040178571428571425
1 0.5915178571428571 0.7611607142857142 0.03125 0.02232142857142857
