2 0.4821428571428571 0.296875 0.04464285714285714 0.040178571428571425
2 0.4821428571428571 0.44419642857142855 0.08035714285714285 0.05803571428571428
2 0.5625 0.42857142857142855 0.04464285714285714 0.04464285714285714
2 0.65625 0.46875 0.03571428571428571 0.026785714285714284
2 0.6450892857142857 0.5089285714285714 0.03125 0.026785714285714284
3 0.5714285714285714 0.5022321428571428 0.026785714285714284 0.02232142857142857
3 0.6272321428571428 0.609375 0.03125 0.02232142857142857
3 0.5334821428571428 0.6875 0.040178571428571425 0.026785714285714284
3 0.5357142857142857 0.7566964285714285 0.026785714285714284 0.02232142857142857
3 0.6830357142857143 0.7299107142857142 0.026785714285714284 0.02232142857142857
3 0.6272321428571428 0.7522321428571428 0.02232142857142857 0.02232142857142857
2 0.46875 0.49553571428571425 0.026785714285714284 0.017857142857142856
2 0.5044642857142857 0.47991071428571425 0.03571428571428571 0.02232142857142857
0 0.5245535714285714 0.5357142857142857 0.5223214285714285 0.6607142857142857
