1 0.5602678571428571 0.4308035714285714 0.049107142857142856 0.03125
1 0.6316964285714285 0.26785714285714285 0.040178571428571425 0.03571428571428571
1 0.7276785714285714 0.24107142857142855 0.017857142857142856 0.017857142857142856
1 0.6138392857142857 0.6183035714285714 0.02232142857142857 0.03125
1 0.421875 0.484375 0.03125 0.03125
3 0.5982142857142857 0.32366071428571425 0.03571428571428571 0.03125
3 0.6696428571428571 0.29241071428571425 0.026785714285714284 0.02232142857142857
3 0.46875 0.65625 0.026785714285714284 0.03571428571428571
3 0.6116071428571428 0.6629464285714285 0.017857142857142856 0.02232142857142857
3 0.3683035714285714 0.6026785714285714 0.02232142857142857 0.017857142857142856
0 0.6383928571428571 0.46428571428571425 0.6875 0.6160714285714285
