1 0.39285714285714285 0.4151785714285714 0.026785714285714284 0.017857142857142856
1 0.38169642857142855 0.4464285714285714 0.02232142857142857 0.017857142857142856
1 0.46428571428571425 0.3950892857142857 0.026785714285714284 0.02232142857142857
1 0.3727678571428571 0.5022321428571428 0.040178571428571425 0.03125
1 0.32366071428571425 0.5625 0.03125 0.017857142857142856
1 0.34598214285714285 0.6808035714285714 0.03125 0.02232142857142857
2 0.45535714285714285 0.6785714285714285 0.03571428571428571 0.04464285714285714
1 0.4888392857142857 0.5714285714285714 0.02232142857142857 0.017857142857142856
1 0.5044642857142857 0.6004464285714285 0.026785714285714284 0.02232142857142857
1 0.5111607142857143 0.39732142857142855 0.02232142857142857 0.017857142857142856
1 0.5245535714285714 0.37723214285714285 0.013392857142857142 0.02232142857142857
1 0.5379464285714285 0.46428571428571425 0.02232142857142857 0.03571428571428571
1 0.515625 0.5066964285714285 0.02232142857142857 0.02232142857142857
1 0.5290178571428571 0.6473214285714285 0.013392857142857142 0.026785714285714284
1 0.49553571428571425 0.6741071428571428 0.017857142857142856 0.026785714285714284
1 0.6116071428571428 0.390625 0.017857142857142856 0.02232142857142857
0 0.4508928571428571 0.578125 0.4464285714285714 0.5848214285714285
