1 0.6049107142857143 0.40848214285714285 0.02232142857142857 0.02232142857142857
1 0.47098214285714285 0.5290178571428571 0.03125 0.02232142857142857
1 0.2388392857142857 0.5758928571428571 0.03125 0.026785714285714284
3 0.16964285714285712 0.609375 0.03571428571428571 0.03125
1 0.39732142857142855 0.7053571428571428 0.05357142857142857 0.05357142857142857
1 0.265625 0.24107142857142855 0.05803571428571428 0.026785714285714284
3 0.2075892857142857 0.7120535714285714 0.03125 0.02232142857142857
3 0.2589285714285714 0.7075892857142857 0.026785714285714284 0.03125
1 0.1450892857142857 0.5535714285714285 0.02232142857142857 0.017857142857142856
1 0.1875 0.31919642857142855 0.026785714285714284 0.02232142857142857
0 0.4040178571428571 0.5 0.6294642857142857 0.8035714285714285
