1 0.41294642857142855 0.37723214285714285 0.03125 0.02232142857142857
1 0.4620535714285714 0.41741071428571425 0.040178571428571425 0.03125
1 0.4665178571428571 0.37723214285714285 0.02232142857142857 0.013392857142857142
1 0.42410714285714285 0.44419642857142855 0.026785714285714284 0.013392857142857142
1 0.4040178571428571 0.5959821428571428 0.02232142857142857 0.02232142857142857
1 0.4575892857142857 0.45535714285714285 0.02232142857142857 0.017857142857142856
1 0.375 0.7321428571428571 0.026785714285714284 0.03571428571428571
1 0.29241071428571425 0.5022321428571428 0.02232142857142857 0.02232142857142857
1 0.40625 0.7946428571428571 0.04464285714285714 0.026785714285714284
0 0.4107142857142857 0.5691964285714285 0.33035714285714285 0.5401785714285714
