3 0.5602678571428571 0.4665178571428571 0.02232142857142857 0.02232142857142857
3 0.44866071428571425 0.44866071428571425 0.02232142857142857 0.013392857142857142
3 0.5066964285714285 0.5848214285714285 0.03125 0.017857142857142856
3 0.46875 0.3571428571428571 0.026785714285714284 0.017857142857142856
3 0.4508928571428571 0.3325892857142857 0.026785714285714284 0.013392857142857142
3 0.42857142857142855 0.296875 0.026785714285714284 0.02232142857142857
3 0.5223214285714285 0.26116071428571425 0.026785714285714284 0.013392857142857142
3 0.37053571428571425 0.41294642857142855 0.026785714285714284 0.013392857142857142
3 0.5513392857142857 0.6741071428571428 0.02232142857142857 0.017857142857142856
3 0.41741071428571425 0.5982142857142857 0.02232142857142857 0.017857142857142856
0 0.4977678571428571 0.4464285714285714 0.40625 0.5625
