0 0.5982142857142857 0.4933035714285714 0.8125 0.8616071428571428
1 0.5803571428571428 0.546875 0.05357142857142857 0.03125
7 0.484375 0.734375 0.03125 0.03125
2 0.5245535714285714 0.22991071428571427 0.05803571428571428 0.049107142857142856
2 0.6473214285714285 0.4107142857142857 0.05357142857142857 0.05357142857142857
2 0.7879464285714285 0.3727678571428571 0.06696428571428571 0.049107142857142856
3 0.38169642857142855 0.4933035714285714 0.02232142857142857 0.02232142857142857
3 0.5915178571428571 0.7477678571428571 0.03125 0.02232142857142857
3 0.9575892857142857 0.5379464285714285 0.02232142857142857 0.02232142857142857
7 0.578125 0.8526785714285714 0.02232142857142857 0.017857142857142856
