1 0.7232142857142857 0.6316964285714285 0.03571428571428571 0.03125
1 0.5200892857142857 0.6205357142857143 0.02232142857142857 0.017857142857142856
1 0.5558035714285714 0.640625 0.040178571428571425 0.03125
1 0.5223214285714285 0.734375 0.026785714285714284 0.013392857142857142
1 0.6540178571428571 0.46875 0.02232142857142857 0.017857142857142856
1 0.5870535714285714 0.53125 0.013392857142857142 0.017857142857142856
1 0.42857142857142855 0.7232142857142857 0.017857142857142856 0.03571428571428571
1 0.47098214285714285 0.6897321428571428 0.03125 0.02232142857142857
1 0.4464285714285714 0.7075892857142857 0.026785714285714284 0.03125
1 0.453125 0.65625 0.02232142857142857 0.017857142857142856
1 0.6495535714285714 0.7075892857142857 0.02232142857142857 0.02232142857142857
1 0.7008928571428571 0.4732142857142857 0.026785714285714284 0.017857142857142856
1 0.6540178571428571 0.8236607142857142 0.049107142857142856 0.06696428571428571
1 0.5290178571428571 0.8013392857142857 0.02232142857142857 0.02232142857142857
1 0.49553571428571425 0.9508928571428571 0.03571428571428571 0.026785714285714284
2 0.6450892857142857 0.9129464285714285 0.03125 0.03125
1 0.5758928571428571 0.578125 0.017857142857142856 0.02232142857142857
1 0.6316964285714285 0.4933035714285714 0.013392857142857142 0.013392857142857142
1 0.5915178571428571 0.890625 0.013392857142857142 0.013392857142857142
1 0.4977678571428571 0.9776785714285714 0.013392857142857142 0.017857142857142856
0 0.6183035714285714 0.7098214285714285 0.5044642857142857 0.5892857142857143
