1 0.5290178571428571 0.47544642857142855 0.02232142857142857 0.013392857142857142
1 0.3883928571428571 0.5401785714285714 0.017857142857142856 0.008928571428571428
1 0.2745535714285714 0.5669642857142857 0.02232142857142857 0.017857142857142856
1 0.5 0.40848214285714285 0.017857142857142856 0.013392857142857142
1 0.6138392857142857 0.29910714285714285 0.02232142857142857 0.017857142857142856
1 0.7633928571428571 0.3638392857142857 0.017857142857142856 0.013392857142857142
1 0.5133928571428571 0.34151785714285715 0.017857142857142856 0.013392857142857142
1 0.39732142857142855 0.6138392857142857 0.017857142857142856 0.013392857142857142
1 0.6540178571428571 0.35491071428571425 0.013392857142857142 0.013392857142857142
1 0.5647321428571428 0.41741071428571425 0.013392857142857142 0.013392857142857142
1 0.4508928571428571 0.45982142857142855 0.017857142857142856 0.017857142857142856
1 0.5892857142857143 0.3839285714285714 0.026785714285714284 0.026785714285714284
0 0.49107142857142855 0.4732142857142857 0.6428571428571428 0.5
