1 0.5446428571428571 0.4821428571428571 0.04464285714285714 0.017857142857142856
6 0.47098214285714285 0.6383928571428571 0.040178571428571425 0.026785714285714284
3 0.19642857142857142 0.4933035714285714 0.026785714285714284 0.02232142857142857
3 0.11607142857142856 0.7098214285714285 0.03571428571428571 0.017857142857142856
3 0.046875 0.6919642857142857 0.02232142857142857 0.026785714285714284
3 0.6651785714285714 0.5044642857142857 0.017857142857142856 0.017857142857142856
3 0.3058035714285714 0.6517857142857143 0.040178571428571425 0.026785714285714284
6 0.6272321428571428 0.3683035714285714 0.06696428571428571 0.049107142857142856
3 0.5513392857142857 0.4263392857142857 0.03125 0.02232142857142857
3 0.3370535714285714 0.609375 0.03125 0.02232142857142857
0 0.3839285714285714 0.5602678571428571 0.7589285714285714 0.5491071428571428
