3 0.5625 0.47098214285714285 0.03571428571428571 0.040178571428571425
3 0.6116071428571428 0.49107142857142855 0.04464285714285714 0.08928571428571427
3 0.48660714285714285 0.6607142857142857 0.03571428571428571 0.04464285714285714
3 0.5334821428571428 0.30803571428571425 0.02232142857142857 0.017857142857142856
3 0.6004464285714285 0.6428571428571428 0.02232142857142857 0.017857142857142856
3 0.5982142857142857 0.7388392857142857 0.017857142857142856 0.02232142857142857
3 0.6138392857142857 0.7299107142857142 0.013392857142857142 0.02232142857142857
3 0.609375 0.5803571428571428 0.013392857142857142 0.026785714285714284
3 0.6116071428571428 0.609375 0.017857142857142856 0.02232142857142857
3 0.6450892857142857 0.6138392857142857 0.02232142857142857 0.02232142857142857
3 0.5714285714285714 0.23214285714285712 0.017857142857142856 0.017857142857142856
3 0.5803571428571428 0.265625 0.017857142857142856 0.02232142857142857
3 0.6138392857142857 0.4263392857142857 0.02232142857142857 0.02232142857142857
3 0.4575892857142857 0.5892857142857143 0.02232142857142857 0.026785714285714284
3 0.5491071428571428 0.3638392857142857 0.04464285714285714 0.06696428571428571
