0 0.5825892857142857 0.6205357142857143 0.6651785714285714 0.7678571428571428
1 0.44419642857142855 0.625 0.049107142857142856 0.03571428571428571
1 0.3995535714285714 0.5044642857142857 0.040178571428571425 0.026785714285714284
1 0.6629464285714285 0.6026785714285714 0.049107142857142856 0.026785714285714284
1 0.7566964285714285 0.5915178571428571 0.03125 0.02232142857142857
7 0.484375 0.7745535714285714 0.06696428571428571 0.040178571428571425
7 0.5089285714285714 0.828125 0.026785714285714284 0.03125
7 0.5491071428571428 0.8392857142857142 0.017857142857142856 0.017857142857142856
7 0.5 0.6941964285714285 0.017857142857142856 0.013392857142857142
7 0.5044642857142857 0.7165178571428571 0.017857142857142856 0.013392857142857142
