0 0.47544642857142855 0.59375 0.8169642857142857 0.7857142857142857
1 0.5892857142857143 0.5580357142857143 0.026785714285714284 0.04464285714285714
1 0.75 0.671875 0.026785714285714284 0.049107142857142856
1 0.4040178571428571 0.7611607142857142 0.03125 0.040178571428571425
1 0.2857142857142857 0.53125 0.026785714285714284 0.026785714285714284
1 0.203125 0.6808035714285714 0.03125 0.03125
1 0.23660714285714285 0.6741071428571428 0.017857142857142856 0.04464285714285714
1 0.35491071428571425 0.46875 0.02232142857142857 0.03571428571428571
1 0.7075892857142857 0.7924107142857142 0.06696428571428571 0.05803571428571428
1 0.5513392857142857 0.7790178571428571 0.07589285714285714 0.049107142857142856
1 0.6696428571428571 0.7455357142857142 0.026785714285714284 0.04464285714285714
