3 0.5959821428571428 0.6205357142857143 0.02232142857142857 0.017857142857142856
3 0.5089285714285714 0.5758928571428571 0.026785714285714284 0.017857142857142856
3 0.5334821428571428 0.6160714285714285 0.02232142857142857 0.03571428571428571
3 0.7053571428571428 0.5982142857142857 0.017857142857142856 0.026785714285714284
3 0.5602678571428571 0.5223214285714285 0.10267857142857142 0.03571428571428571
3 0.4821428571428571 0.4419642857142857 0.026785714285714284 0.017857142857142856
3 0.53125 0.41294642857142855 0.017857142857142856 0.02232142857142857
3 0.5825892857142857 0.4196428571428571 0.02232142857142857 0.026785714285714284
3 0.5758928571428571 0.39732142857142855 0.026785714285714284 0.017857142857142856
3 0.7589285714285714 0.4776785714285714 0.026785714285714284 0.017857142857142856
3 0.3526785714285714 0.47544642857142855 0.017857142857142856 0.02232142857142857
3 0.7901785714285714 0.4308035714285714 0.03571428571428571 0.02232142857142857
3 0.7745535714285714 0.140625 0.02232142857142857 0.013392857142857142
3 0.8058035714285714 0.08035714285714285 0.013392857142857142 0.017857142857142856
3 0.7477678571428571 0.125 0.03125 0.017857142857142856
3 0.33928571428571425 0.14732142857142858 0.026785714285714284 0.017857142857142856
3 0.4352678571428571 0.16741071428571427 0.02232142857142857 0.02232142857142857
3 0.43303571428571425 0.23660714285714285 0.026785714285714284 0.017857142857142856
3 0.4888392857142857 0.22544642857142855 0.02232142857142857 0.013392857142857142
3 0.390625 0.20089285714285712 0.02232142857142857 0.017857142857142856
3 0.3325892857142857 0.09598214285714285 0.013392857142857142 0.02232142857142857
3 0.049107142857142856 0.049107142857142856 0.026785714285714284 0.017857142857142856
0 0.5736607142857143 0.6183035714285714 0.53125 0.6294642857142857
0 0.26339285714285715 0.140625 0.5178571428571428 0.27232142857142855
0 0.8035714285714285 0.11607142857142856 0.1875 0.2232142857142857
