0 0.4575892857142857 0.47991071428571425 0.90625 0.5133928571428571
2 0.6272321428571428 0.5535714285714285 0.07589285714285714 0.04464285714285714
2 0.7834821428571428 0.5758928571428571 0.07589285714285714 0.04464285714285714
2 0.7209821428571428 0.40625 0.08482142857142856 0.07142857142857142
2 0.296875 0.5245535714285714 0.07589285714285714 0.05803571428571428
2 0.1450892857142857 0.47991071428571425 0.040178571428571425 0.040178571428571425
2 0.5379464285714285 0.5825892857142857 0.049107142857142856 0.049107142857142856
2 0.4419642857142857 0.4263392857142857 0.0625 0.040178571428571425
2 0.2700892857142857 0.40625 0.05803571428571428 0.03571428571428571
2 0.3571428571428571 0.3638392857142857 0.08035714285714285 0.040178571428571425
2 0.45982142857142855 0.53125 0.04464285714285714 0.03571428571428571
