3 0.5691964285714285 0.42857142857142855 0.03125 0.017857142857142856
3 0.4888392857142857 0.49107142857142855 0.03125 0.017857142857142856
3 0.4732142857142857 0.46428571428571425 0.026785714285714284 0.017857142857142856
1 0.5915178571428571 0.6071428571428571 0.03125 0.026785714285714284
1 0.7098214285714285 0.5736607142857143 0.026785714285714284 0.013392857142857142
1 0.4776785714285714 0.5848214285714285 0.026785714285714284 0.017857142857142856
1 0.6383928571428571 0.7455357142857142 0.026785714285714284 0.017857142857142856
1 0.31473214285714285 0.4352678571428571 0.049107142857142856 0.03125
1 0.32366071428571425 0.30357142857142855 0.02232142857142857 0.017857142857142856
3 0.28794642857142855 0.578125 0.02232142857142857 0.02232142857142857
0 0.5401785714285714 0.5066964285714285 0.5714285714285714 0.6205357142857143
