1 0.26785714285714285 0.38616071428571425 0.0625 0.049107142857142856
3 0.15178571428571427 0.4508928571428571 0.07142857142857142 0.026785714285714284
3 0.25223214285714285 0.4665178571428571 0.040178571428571425 0.02232142857142857
3 0.28125 0.6674107142857143 0.04464285714285714 0.02232142857142857
3 0.5691964285714285 0.8571428571428571 0.12053571428571427 0.08035714285714285
3 0.2700892857142857 0.5089285714285714 0.02232142857142857 0.026785714285714284
3 0.3482142857142857 0.5401785714285714 0.03571428571428571 0.017857142857142856
3 0.29464285714285715 0.5089285714285714 0.017857142857142856 0.008928571428571428
3 0.24776785714285712 0.5491071428571428 0.02232142857142857 0.008928571428571428
3 0.16741071428571427 0.5133928571428571 0.02232142857142857 0.017857142857142856
3 0.16741071428571427 0.41294642857142855 0.040178571428571425 0.03125
0 0.421875 0.4933035714285714 0.7366071428571428 0.9776785714285714
