0 0.4665178571428571 0.3794642857142857 0.3883928571428571 0.7232142857142857
3 0.5915178571428571 0.3125 0.03125 0.04464285714285714
3 0.5401785714285714 0.3727678571428571 0.026785714285714284 0.03125
3 0.49553571428571425 0.27232142857142855 0.026785714285714284 0.026785714285714284
3 0.37723214285714285 0.24107142857142855 0.02232142857142857 0.03571428571428571
3 0.3370535714285714 0.21428571428571427 0.02232142857142857 0.026785714285714284
3 0.3482142857142857 0.34375 0.026785714285714284 0.03571428571428571
3 0.5379464285714285 0.453125 0.02232142857142857 0.03125
3 0.3325892857142857 0.45535714285714285 0.013392857142857142 0.03571428571428571
3 0.3214285714285714 0.5133928571428571 0.017857142857142856 0.03571428571428571
3 0.390625 0.6183035714285714 0.03125 0.03125
3 0.4776785714285714 0.4040178571428571 0.026785714285714284 0.03125
3 0.4821428571428571 0.49107142857142855 0.026785714285714284 0.03571428571428571
3 0.4040178571428571 0.5647321428571428 0.02232142857142857 0.03125
3 0.48660714285714285 0.6473214285714285 0.017857142857142856 0.03571428571428571
3 0.39285714285714285 0.3058035714285714 0.017857142857142856 0.03125
3 0.32366071428571425 0.25 0.02232142857142857 0.03571428571428571
3 0.3794642857142857 0.10044642857142856 0.017857142857142856 0.03125
3 0.47098214285714285 0.15625 0.013392857142857142 0.026785714285714284
3 0.4151785714285714 0.24107142857142855 0.03571428571428571 0.04464285714285714
3 0.3995535714285714 0.42410714285714285 0.02232142857142857 0.03571428571428571
3 0.45982142857142855 0.53125 0.017857142857142856 0.04464285714285714
3 0.4308035714285714 0.4888392857142857 0.02232142857142857 0.03125
3 0.5982142857142857 0.4040178571428571 0.017857142857142856 0.03125
3 0.6205357142857143 0.39285714285714285 0.017857142857142856 0.026785714285714284
3 0.5200892857142857 0.45982142857142855 0.013392857142857142 0.017857142857142856
3 0.5267857142857143 0.48660714285714285 0.017857142857142856 0.026785714285714284
3 0.4888392857142857 0.59375 0.03125 0.03571428571428571
3 0.4464285714285714 0.6584821428571428 0.017857142857142856 0.040178571428571425
3 0.4375 0.5892857142857143 0.017857142857142856 0.026785714285714284
3 0.37723214285714285 0.4040178571428571 0.02232142857142857 0.02232142857142857
3 0.43973214285714285 0.11160714285714285 0.013392857142857142 0.026785714285714284
3 0.35044642857142855 0.1919642857142857 0.02232142857142857 0.026785714285714284
3 0.4196428571428571 0.3839285714285714 0.026785714285714284 0.03571428571428571
