0 0.47991071428571425 0.5066964285714285 0.7008928571428571 0.7098214285714285
1 0.3638392857142857 0.2589285714285714 0.02232142857142857 0.017857142857142856
1 0.625 0.34598214285714285 0.017857142857142856 0.02232142857142857
1 0.4888392857142857 0.33035714285714285 0.02232142857142857 0.017857142857142856
1 0.39285714285714285 0.40848214285714285 0.026785714285714284 0.02232142857142857
1 0.29464285714285715 0.3214285714285714 0.026785714285714284 0.017857142857142856
1 0.328125 0.38616071428571425 0.02232142857142857 0.02232142857142857
1 0.4352678571428571 0.28348214285714285 0.02232142857142857 0.02232142857142857
1 0.6272321428571428 0.46875 0.02232142857142857 0.017857142857142856
1 0.6629464285714285 0.5580357142857143 0.02232142857142857 0.026785714285714284
1 0.6808035714285714 0.59375 0.02232142857142857 0.017857142857142856
1 0.6584821428571428 0.6294642857142857 0.02232142857142857 0.026785714285714284
1 0.6026785714285714 0.6696428571428571 0.03571428571428571 0.026785714285714284
1 0.6383928571428571 0.6875 0.026785714285714284 0.026785714285714284
1 0.6763392857142857 0.6808035714285714 0.03125 0.02232142857142857
1 0.4263392857142857 0.6339285714285714 0.040178571428571425 0.017857142857142856
1 0.32589285714285715 0.5758928571428571 0.017857142857142856 0.017857142857142856
1 0.4464285714285714 0.5669642857142857 0.026785714285714284 0.017857142857142856
1 0.3727678571428571 0.6205357142857143 0.02232142857142857 0.017857142857142856
1 0.25669642857142855 0.6004464285714285 0.02232142857142857 0.013392857142857142
1 0.5848214285714285 0.7388392857142857 0.026785714285714284 0.02232142857142857
2 0.5334821428571428 0.53125 0.06696428571428571 0.125
1 0.59375 0.5334821428571428 0.026785714285714284 0.03125
