0 0.3727678571428571 0.5803571428571428 0.5401785714285714 0.3125
4 0.7321428571428571 0.35044642857142855 0.2857142857142857 0.2901785714285714
1 0.546875 0.6071428571428571 0.013392857142857142 0.017857142857142856
1 0.40625 0.5580357142857143 0.017857142857142856 0.017857142857142856
1 0.3571428571428571 0.6272321428571428 0.017857142857142856 0.013392857142857142
1 0.4040178571428571 0.6674107142857143 0.02232142857142857 0.013392857142857142
1 0.47544642857142855 0.7008928571428571 0.013392857142857142 0.017857142857142856
1 0.3526785714285714 0.578125 0.017857142857142856 0.013392857142857142
2 0.20089285714285712 0.4888392857142857 0.017857142857142856 0.013392857142857142
2 0.28348214285714285 0.5223214285714285 0.03125 0.017857142857142856
