3 0.18973214285714285 0.6026785714285714 0.02232142857142857 0.017857142857142856
3 0.26339285714285715 0.5803571428571428 0.026785714285714284 0.017857142857142856
3 0.3058035714285714 0.5758928571428571 0.02232142857142857 0.017857142857142856
3 0.484375 0.5602678571428571 0.03125 0.02232142857142857
3 0.5535714285714285 0.5647321428571428 0.026785714285714284 0.02232142857142857
3 0.5959821428571428 0.5691964285714285 0.03125 0.02232142857142857
3 0.49553571428571425 0.6383928571428571 0.03571428571428571 0.026785714285714284
3 0.9732142857142857 0.40178571428571425 0.05357142857142857 0.04464285714285714
3 0.890625 0.48660714285714285 0.02232142857142857 0.017857142857142856
0 0.36607142857142855 0.6138392857142857 0.7232142857142857 0.43303571428571425
3 0.9375 0.4508928571428571 0.026785714285714284 0.03571428571428571
3 0.9642857142857142 0.4308035714285714 0.017857142857142856 0.02232142857142857
3 0.953125 0.31026785714285715 0.013392857142857142 0.013392857142857142
0 0.8616071428571428 0.35491071428571425 0.2857142857142857 0.5133928571428571
