3 0.4776785714285714 0.5245535714285714 0.026785714285714284 0.02232142857142857
3 0.5825892857142857 0.5267857142857143 0.02232142857142857 0.03571428571428571
3 0.34375 0.6183035714285714 0.017857142857142856 0.02232142857142857
3 0.28794642857142855 0.5111607142857143 0.013392857142857142 0.013392857142857142
3 0.43973214285714285 0.4977678571428571 0.013392857142857142 0.013392857142857142
3 0.3727678571428571 0.47098214285714285 0.013392857142857142 0.013392857142857142
3 0.4352678571428571 0.35044642857142855 0.013392857142857142 0.013392857142857142
3 0.45535714285714285 0.3995535714285714 0.017857142857142856 0.013392857142857142
3 0.5200892857142857 0.6897321428571428 0.013392857142857142 0.013392857142857142
3 0.4665178571428571 0.6763392857142857 0.013392857142857142 0.013392857142857142
3 0.49107142857142855 0.4352678571428571 0.017857142857142856 0.013392857142857142
3 0.5200892857142857 0.4508928571428571 0.013392857142857142 0.008928571428571428
3 0.4732142857142857 0.5669642857142857 0.017857142857142856 0.008928571428571428
3 0.4308035714285714 0.6473214285714285 0.013392857142857142 0.008928571428571428
3 0.3950892857142857 0.46875 0.013392857142857142 0.017857142857142856
3 0.546875 0.4732142857142857 0.013392857142857142 0.008928571428571428
3 0.40625 0.6138392857142857 0.008928571428571428 0.013392857142857142
0 0.4040178571428571 0.49553571428571425 0.42410714285714285 0.5089285714285714
