3 0.4151785714285714 0.4308035714285714 0.017857142857142856 0.013392857142857142
3 0.44419642857142855 0.4620535714285714 0.013392857142857142 0.013392857142857142
3 0.40848214285714285 0.4888392857142857 0.02232142857142857 0.013392857142857142
3 0.4352678571428571 0.5625 0.013392857142857142 0.017857142857142856
3 0.5 0.5714285714285714 0.026785714285714284 0.017857142857142856
3 0.6540178571428571 0.4665178571428571 0.02232142857142857 0.02232142857142857
3 0.4151785714285714 0.33482142857142855 0.017857142857142856 0.017857142857142856
3 0.6495535714285714 0.5714285714285714 0.013392857142857142 0.017857142857142856
3 0.5803571428571428 0.6852678571428571 0.017857142857142856 0.013392857142857142
3 0.6517857142857143 0.2075892857142857 0.026785714285714284 0.02232142857142857
3 0.7388392857142857 0.20089285714285712 0.03125 0.017857142857142856
3 0.6629464285714285 0.16294642857142858 0.03125 0.02232142857142857
3 0.59375 0.20535714285714285 0.017857142857142856 0.017857142857142856
0 0.7232142857142857 0.2232142857142857 0.3571428571428571 0.1875
0 0.5357142857142857 0.546875 0.4107142857142857 0.4776785714285714
