1 0.6517857142857143 0.2901785714285714 0.026785714285714284 0.026785714285714284
1 0.3839285714285714 0.40848214285714285 0.026785714285714284 0.02232142857142857
1 0.5602678571428571 0.5558035714285714 0.02232142857142857 0.02232142857142857
2 0.4665178571428571 0.6004464285714285 0.049107142857142856 0.03125
2 0.6071428571428571 0.45982142857142855 0.0625 0.03571428571428571
2 0.453125 0.34598214285714285 0.05803571428571428 0.05803571428571428
2 0.5691964285714285 0.6294642857142857 0.05803571428571428 0.026785714285714284
2 0.4665178571428571 0.71875 0.040178571428571425 0.04464285714285714
1 0.41741071428571425 0.6852678571428571 0.02232142857142857 0.02232142857142857
0 0.5379464285714285 0.4821428571428571 0.5669642857142857 0.6339285714285714
