1 0.46428571428571425 0.6584821428571428 0.03571428571428571 0.02232142857142857
1 0.47544642857142855 0.6986607142857143 0.02232142857142857 0.02232142857142857
2 0.5602678571428571 0.4464285714285714 0.049107142857142856 0.04464285714285714
1 0.59375 0.41294642857142855 0.04464285714285714 0.02232142857142857
1 0.5915178571428571 0.5044642857142857 0.11160714285714285 0.03571428571428571
1 0.6361607142857143 0.5535714285714285 0.07589285714285714 0.04464285714285714
1 0.6919642857142857 0.484375 0.04464285714285714 0.03125
1 0.4933035714285714 0.5625 0.040178571428571425 0.026785714285714284
1 0.625 0.7477678571428571 0.03571428571428571 0.02232142857142857
1 0.5178571428571428 0.7098214285714285 0.04464285714285714 0.04464285714285714
2 0.39285714285714285 0.6071428571428571 0.03571428571428571 0.026785714285714284
1 0.3638392857142857 0.4620535714285714 0.02232142857142857 0.02232142857142857
0 0.5401785714285714 0.5714285714285714 0.5714285714285714 0.6607142857142857
