2 0.5066964285714285 0.29464285714285715 0.040178571428571425 0.03571428571428571
2 0.4888392857142857 0.43973214285714285 0.07589285714285714 0.049107142857142856
2 0.5714285714285714 0.43303571428571425 0.04464285714285714 0.03571428571428571
2 0.6584821428571428 0.484375 0.03125 0.02232142857142857
2 0.6428571428571428 0.5245535714285714 0.026785714285714284 0.02232142857142857
3 0.5714285714285714 0.5111607142857143 0.026785714285714284 0.02232142857142857
3 0.6116071428571428 0.6205357142857143 0.026785714285714284 0.017857142857142856
3 0.5133928571428571 0.6897321428571428 0.03571428571428571 0.02232142857142857
3 0.5044642857142857 0.7589285714285714 0.026785714285714284 0.017857142857142856
3 0.6540178571428571 0.75 0.02232142857142857 0.017857142857142856
3 0.5959821428571428 0.7633928571428571 0.02232142857142857 0.017857142857142856
2 0.4732142857142857 0.49107142857142855 0.026785714285714284 0.017857142857142856
2 0.5066964285714285 0.4776785714285714 0.03125 0.017857142857142856
0 0.5200892857142857 0.5357142857142857 0.4508928571428571 0.6071428571428571
