0 0.46428571428571425 0.38169642857142855 0.36607142857142855 0.7098214285714285
3 0.5848214285714285 0.3125 0.026785714285714284 0.04464285714285714
3 0.5357142857142857 0.3683035714285714 0.026785714285714284 0.03125
3 0.48660714285714285 0.27232142857142855 0.026785714285714284 0.026785714285714284
3 0.3683035714285714 0.24553571428571427 0.02232142857142857 0.03571428571428571
3 0.32589285714285715 0.2232142857142857 0.017857142857142856 0.026785714285714284
3 0.34151785714285715 0.3482142857142857 0.02232142857142857 0.03571428571428571
3 0.5334821428571428 0.4508928571428571 0.02232142857142857 0.026785714285714284
3 0.328125 0.4620535714285714 0.013392857142857142 0.03125
3 0.3214285714285714 0.5200892857142857 0.017857142857142856 0.03125
3 0.3950892857142857 0.6227678571428571 0.03125 0.03125
3 0.4732142857142857 0.4040178571428571 0.026785714285714284 0.03125
3 0.4821428571428571 0.49107142857142855 0.026785714285714284 0.03571428571428571
3 0.40625 0.5691964285714285 0.017857142857142856 0.03125
3 0.49107142857142855 0.6473214285714285 0.017857142857142856 0.03571428571428571
3 0.3839285714285714 0.30803571428571425 0.017857142857142856 0.026785714285714284
3 0.31473214285714285 0.25669642857142855 0.02232142857142857 0.03125
3 0.36607142857142855 0.10491071428571427 0.017857142857142856 0.03125
3 0.4620535714285714 0.15625 0.013392857142857142 0.026785714285714284
3 0.40625 0.24107142857142855 0.03571428571428571 0.04464285714285714
3 0.39732142857142855 0.42857142857142855 0.017857142857142856 0.03571428571428571
3 0.45982142857142855 0.5334821428571428 0.017857142857142856 0.040178571428571425
3 0.42857142857142855 0.4888392857142857 0.017857142857142856 0.03125
3 0.59375 0.4040178571428571 0.017857142857142856 0.03125
3 0.6138392857142857 0.3883928571428571 0.013392857142857142 0.026785714285714284
3 0.515625 0.45982142857142855 0.013392857142857142 0.017857142857142856
3 0.5267857142857143 0.48660714285714285 0.017857142857142856 0.026785714285714284
3 0.4888392857142857 0.59375 0.03125 0.03571428571428571
3 0.4508928571428571 0.6584821428571428 0.017857142857142856 0.040178571428571425
3 0.43973214285714285 0.5892857142857143 0.013392857142857142 0.026785714285714284
3 0.3727678571428571 0.40625 0.02232142857142857 0.017857142857142856
3 0.4263392857142857 0.11160714285714285 0.013392857142857142 0.026785714285714284
3 0.33928571428571425 0.19642857142857142 0.017857142857142856 0.026785714285714284
3 0.41294642857142855 0.3839285714285714 0.02232142857142857 0.03571428571428571
