0 0.4620535714285714 0.5714285714285714 0.9151785714285714 0.8660714285714285
1 0.578125 0.5714285714285714 0.03125 0.04464285714285714
1 0.71875 0.7098214285714285 0.03571428571428571 0.05357142857142857
1 0.36160714285714285 0.7410714285714285 0.03571428571428571 0.04464285714285714
1 0.28794642857142855 0.4933035714285714 0.03125 0.03125
1 0.17857142857142855 0.625 0.03571428571428571 0.03571428571428571
1 0.20982142857142855 0.625 0.026785714285714284 0.04464285714285714
1 0.36160714285714285 0.4464285714285714 0.026785714285714284 0.03571428571428571
1 0.6540178571428571 0.8236607142857142 0.07589285714285714 0.06696428571428571
1 0.5 0.78125 0.08035714285714285 0.0625
1 0.6272321428571428 0.7723214285714285 0.03125 0.04464285714285714
