0 0.5178571428571428 0.49553571428571425 0.6339285714285714 0.6696428571428571
0 0.38616071428571425 0.8102678571428571 0.59375 0.3794642857142857
2 0.4732142857142857 0.30357142857142855 0.05357142857142857 0.0625
2 0.4196428571428571 0.65625 0.08035714285714285 0.04464285714285714
2 0.38616071428571425 0.7254464285714285 0.13839285714285712 0.12053571428571427
2 0.47098214285714285 0.4575892857142857 0.15625 0.13839285714285712
2 0.5133928571428571 0.8325892857142857 0.05357142857142857 0.05803571428571428
2 0.2544642857142857 0.8526785714285714 0.0625 0.0625
2 0.36160714285714285 0.453125 0.0625 0.06696428571428571
2 0.3839285714285714 0.37053571428571425 0.04464285714285714 0.05357142857142857
2 0.4665178571428571 0.5959821428571428 0.049107142857142856 0.040178571428571425
2 0.37053571428571425 0.5491071428571428 0.05357142857142857 0.05357142857142857
2 0.19642857142857142 0.875 0.0625 0.10714285714285714
2 0.7232142857142857 0.5267857142857143 0.03571428571428571 0.03571428571428571
2 0.6808035714285714 0.6004464285714285 0.040178571428571425 0.049107142857142856
