2 0.5959821428571428 0.34151785714285715 0.06696428571428571 0.07589285714285714
2 0.31026785714285715 0.43973214285714285 0.05803571428571428 0.08482142857142856
3 0.6428571428571428 0.49553571428571425 0.026785714285714284 0.017857142857142856
3 0.6227678571428571 0.453125 0.02232142857142857 0.013392857142857142
3 0.6339285714285714 0.5848214285714285 0.017857142857142856 0.017857142857142856
3 0.5602678571428571 0.5580357142857143 0.02232142857142857 0.017857142857142856
3 0.3839285714285714 0.5 0.026785714285714284 0.017857142857142856
3 0.6049107142857143 0.6763392857142857 0.02232142857142857 0.02232142857142857
3 0.5892857142857143 0.625 0.017857142857142856 0.017857142857142856
3 0.6116071428571428 0.6049107142857143 0.017857142857142856 0.013392857142857142
3 0.7142857142857142 0.6116071428571428 0.017857142857142856 0.017857142857142856
3 0.5 0.546875 0.017857142857142856 0.013392857142857142
3 0.5736607142857143 0.6808035714285714 0.013392857142857142 0.013392857142857142
3 0.6450892857142857 0.515625 0.013392857142857142 0.013392857142857142
3 0.5758928571428571 0.6049107142857143 0.017857142857142856 0.013392857142857142
3 0.45982142857142855 0.5446428571428571 0.026785714285714284 0.017857142857142856
3 0.5 0.6205357142857143 0.026785714285714284 0.017857142857142856
3 0.6830357142857143 0.6964285714285714 0.017857142857142856 0.017857142857142856
3 0.6473214285714285 0.6808035714285714 0.017857142857142856 0.013392857142857142
3 0.6473214285714285 0.6629464285714285 0.017857142857142856 0.013392857142857142
0 0.5446428571428571 0.4665178571428571 0.6964285714285714 0.8705357142857142
