4 0.24330357142857142 0.5424107142857143 0.14732142857142858 0.1294642857142857
4 0.17410714285714285 0.16741071428571427 0.14285714285714285 0.21875
4 0.29241071428571425 0.8928571428571428 0.29910714285714285 0.19642857142857142
4 0.11160714285714285 0.6941964285714285 0.15178571428571427 0.14732142857142858
4 0.7834821428571428 0.36607142857142855 0.13839285714285712 0.14285714285714285
0 0.5223214285714285 0.8125 0.17857142857142855 0.2232142857142857
1 0.515625 0.7991071428571428 0.02232142857142857 0.017857142857142856
3 0.7522321428571428 0.5535714285714285 0.049107142857142856 0.07142857142857142
3 0.7165178571428571 0.6026785714285714 0.049107142857142856 0.017857142857142856
3 0.7522321428571428 0.6294642857142857 0.02232142857142857 0.017857142857142856
0 0.6629464285714285 0.546875 0.26339285714285715 0.3169642857142857
