1 0.5245535714285714 0.5 0.02232142857142857 0.026785714285714284
1 0.5401785714285714 0.5223214285714285 0.017857142857142856 0.017857142857142856
1 0.5066964285714285 0.5558035714285714 0.02232142857142857 0.03125
1 0.4665178571428571 0.5044642857142857 0.02232142857142857 0.026785714285714284
1 0.6651785714285714 0.5625 0.017857142857142856 0.026785714285714284
1 0.6071428571428571 0.5245535714285714 0.017857142857142856 0.02232142857142857
1 0.6808035714285714 0.5580357142857143 0.02232142857142857 0.026785714285714284
1 0.75 0.48660714285714285 0.017857142857142856 0.026785714285714284
1 0.6808035714285714 0.5133928571428571 0.013392857142857142 0.017857142857142856
1 0.6540178571428571 0.5334821428571428 0.013392857142857142 0.02232142857142857
1 0.7075892857142857 0.5535714285714285 0.013392857142857142 0.017857142857142856
0 0.5915178571428571 0.5758928571428571 0.46875 0.33035714285714285
