0 0.45535714285714285 0.5334821428571428 0.6428571428571428 0.78125
1 0.484375 0.3482142857142857 0.040178571428571425 0.026785714285714284
2 0.203125 0.5245535714285714 0.040178571428571425 0.03125
2 0.34151785714285715 0.7165178571428571 0.07589285714285714 0.06696428571428571
3 0.5401785714285714 0.7232142857142857 0.03571428571428571 0.026785714285714284
1 0.2388392857142857 0.5848214285714285 0.040178571428571425 0.026785714285714284
3 0.45535714285714285 0.8482142857142857 0.03571428571428571 0.03571428571428571
1 0.6450892857142857 0.4464285714285714 0.040178571428571425 0.026785714285714284
1 0.5223214285714285 0.8526785714285714 0.026785714285714284 0.026785714285714284
3 0.48660714285714285 0.7857142857142857 0.026785714285714284 0.017857142857142856
