0 0.41741071428571425 0.515625 0.36160714285714285 0.48660714285714285
2 0.3058035714285714 0.390625 0.040178571428571425 0.040178571428571425
2 0.31473214285714285 0.4508928571428571 0.049107142857142856 0.04464285714285714
2 0.43973214285714285 0.41741071428571425 0.040178571428571425 0.03125
2 0.35491071428571425 0.5089285714285714 0.049107142857142856 0.03571428571428571
2 0.44419642857142855 0.5446428571428571 0.049107142857142856 0.03571428571428571
2 0.3571428571428571 0.5758928571428571 0.04464285714285714 0.03571428571428571
2 0.45982142857142855 0.5803571428571428 0.04464285714285714 0.026785714285714284
2 0.5111607142857143 0.5491071428571428 0.02232142857142857 0.017857142857142856
2 0.41294642857142855 0.7165178571428571 0.040178571428571425 0.03125
2 0.47544642857142855 0.7165178571428571 0.040178571428571425 0.02232142857142857
2 0.484375 0.6607142857142857 0.08482142857142856 0.05357142857142857
2 0.4040178571428571 0.6316964285714285 0.05803571428571428 0.049107142857142856
2 0.5379464285714285 0.7232142857142857 0.02232142857142857 0.017857142857142856
