0 0.5424107142857143 0.5267857142857143 0.7544642857142857 0.8839285714285714
1 0.6674107142857143 0.4933035714285714 0.049107142857142856 0.03125
1 0.484375 0.5334821428571428 0.03125 0.03125
6 0.6897321428571428 0.7142857142857142 0.03125 0.04464285714285714
1 0.7165178571428571 0.6808035714285714 0.02232142857142857 0.02232142857142857
1 0.5915178571428571 0.7433035714285714 0.040178571428571425 0.02232142857142857
1 0.47098214285714285 0.3526785714285714 0.03125 0.017857142857142856
1 0.5223214285714285 0.3839285714285714 0.026785714285714284 0.026785714285714284
3 0.31473214285714285 0.4821428571428571 0.02232142857142857 0.017857142857142856
3 0.22767857142857142 0.484375 0.03571428571428571 0.02232142857142857
1 0.31473214285714285 0.33928571428571425 0.02232142857142857 0.03571428571428571
1 0.3794642857142857 0.375 0.017857142857142856 0.026785714285714284
3 0.29464285714285715 0.44419642857142855 0.05357142857142857 0.03125
1 0.5580357142857143 0.43303571428571425 0.026785714285714284 0.017857142857142856
1 0.47991071428571425 0.5915178571428571 0.03125 0.02232142857142857
1 0.5267857142857143 0.765625 0.026785714285714284 0.02232142857142857
