2 0.5625 0.32589285714285715 0.05357142857142857 0.0625
2 0.29910714285714285 0.47544642857142855 0.04464285714285714 0.07589285714285714
3 0.6383928571428571 0.4665178571428571 0.026785714285714284 0.013392857142857142
3 0.609375 0.42857142857142855 0.02232142857142857 0.008928571428571428
3 0.6473214285714285 0.5558035714285714 0.017857142857142856 0.013392857142857142
3 0.5691964285714285 0.546875 0.02232142857142857 0.013392857142857142
3 0.38616071428571425 0.5223214285714285 0.02232142857142857 0.008928571428571428
3 0.6383928571428571 0.65625 0.017857142857142856 0.017857142857142856
3 0.6071428571428571 0.6049107142857143 0.017857142857142856 0.013392857142857142
3 0.6294642857142857 0.5825892857142857 0.017857142857142856 0.013392857142857142
3 0.7299107142857142 0.5691964285714285 0.013392857142857142 0.013392857142857142
3 0.5044642857142857 0.5446428571428571 0.017857142857142856 0.008928571428571428
3 0.609375 0.6651785714285714 0.013392857142857142 0.008928571428571428
3 0.6450892857142857 0.48660714285714285 0.013392857142857142 0.008928571428571428
3 0.59375 0.5892857142857143 0.017857142857142856 0.008928571428571428
3 0.4665178571428571 0.5535714285714285 0.02232142857142857 0.017857142857142856
3 0.5245535714285714 0.6183035714285714 0.02232142857142857 0.013392857142857142
3 0.71875 0.6584821428571428 0.017857142857142856 0.013392857142857142
3 0.6763392857142857 0.6517857142857143 0.013392857142857142 0.008928571428571428
3 0.6741071428571428 0.6316964285714285 0.017857142857142856 0.013392857142857142
0 0.5379464285714285 0.4575892857142857 0.5580357142857143 0.78125
