3 0.38616071428571425 0.5870535714285714 0.040178571428571425 0.040178571428571425
3 0.4352678571428571 0.5982142857142857 0.06696428571428571 0.05357142857142857
3 0.4933035714285714 0.6138392857142857 0.05803571428571428 0.049107142857142856
3 0.5558035714285714 0.6227678571428571 0.07589285714285714 0.06696428571428571
3 0.3214285714285714 0.5558035714285714 0.08035714285714285 0.07589285714285714
3 0.15848214285714285 0.4977678571428571 0.07589285714285714 0.040178571428571425
3 0.41294642857142855 0.5625 0.040178571428571425 0.026785714285714284
3 0.484375 0.6428571428571428 0.03125 0.017857142857142856
3 0.5825892857142857 0.671875 0.08482142857142856 0.040178571428571425
3 0.5133928571428571 0.6651785714285714 0.03571428571428571 0.017857142857142856
3 0.4620535714285714 0.5669642857142857 0.049107142857142856 0.03571428571428571
3 0.25669642857142855 0.5491071428571428 0.03125 0.026785714285714284
0 0.3482142857142857 0.5758928571428571 0.6517857142857143 0.27678571428571425
