3 0.5602678571428571 0.4263392857142857 0.03125 0.02232142857142857
3 0.4888392857142857 0.4933035714285714 0.03125 0.02232142857142857
3 0.46875 0.4665178571428571 0.026785714285714284 0.02232142857142857
1 0.6026785714285714 0.5959821428571428 0.03571428571428571 0.03125
1 0.7165178571428571 0.5580357142857143 0.03125 0.017857142857142856
1 0.48660714285714285 0.5892857142857143 0.026785714285714284 0.017857142857142856
1 0.65625 0.734375 0.026785714285714284 0.02232142857142857
1 0.31026785714285715 0.4508928571428571 0.049107142857142856 0.03571428571428571
1 0.3058035714285714 0.3214285714285714 0.02232142857142857 0.017857142857142856
3 0.29241071428571425 0.5982142857142857 0.02232142857142857 0.026785714285714284
0 0.5424107142857143 0.5044642857142857 0.6205357142857143 0.6696428571428571
