1 0.703125 0.65625 0.03125 0.026785714285714284
1 0.5066964285714285 0.6227678571428571 0.02232142857142857 0.013392857142857142
1 0.5401785714285714 0.6428571428571428 0.03571428571428571 0.026785714285714284
1 0.49553571428571425 0.7321428571428571 0.026785714285714284 0.008928571428571428
1 0.6584821428571428 0.48660714285714285 0.02232142857142857 0.017857142857142856
1 0.5803571428571428 0.5401785714285714 0.008928571428571428 0.017857142857142856
1 0.3995535714285714 0.7142857142857142 0.013392857142857142 0.03571428571428571
1 0.44866071428571425 0.6808035714285714 0.03125 0.02232142857142857
1 0.421875 0.7008928571428571 0.02232142857142857 0.026785714285714284
1 0.4352678571428571 0.6495535714285714 0.02232142857142857 0.013392857142857142
1 0.6227678571428571 0.7232142857142857 0.02232142857142857 0.017857142857142856
1 0.7008928571428571 0.4977678571428571 0.026785714285714284 0.013392857142857142
1 0.6138392857142857 0.8392857142857142 0.040178571428571425 0.0625
1 0.49107142857142855 0.7991071428571428 0.017857142857142856 0.017857142857142856
1 0.43973214285714285 0.9464285714285714 0.03125 0.026785714285714284
2 0.59375 0.9241071428571428 0.026785714285714284 0.026785714285714284
1 0.5647321428571428 0.5848214285714285 0.013392857142857142 0.017857142857142856
1 0.6316964285714285 0.5089285714285714 0.013392857142857142 0.008928571428571428
1 0.546875 0.8950892857142857 0.013392857142857142 0.013392857142857142
1 0.43973214285714285 0.9709821428571428 0.013392857142857142 0.013392857142857142
0 0.5915178571428571 0.7299107142857142 0.4419642857142857 0.5491071428571428
