0 0.47991071428571425 0.5022321428571428 0.8526785714285714 0.8616071428571428
1 0.42857142857142855 0.23214285714285712 0.026785714285714284 0.026785714285714284
1 0.6629464285714285 0.3794642857142857 0.02232142857142857 0.026785714285714284
1 0.5334821428571428 0.3325892857142857 0.02232142857142857 0.02232142857142857
1 0.41741071428571425 0.3839285714285714 0.03125 0.026785714285714284
1 0.34598214285714285 0.2745535714285714 0.03125 0.02232142857142857
1 0.3638392857142857 0.34375 0.03125 0.026785714285714284
1 0.49107142857142855 0.27232142857142855 0.026785714285714284 0.026785714285714284
1 0.6316964285714285 0.4977678571428571 0.02232142857142857 0.02232142857142857
1 0.6473214285714285 0.59375 0.026785714285714284 0.026785714285714284
1 0.6517857142857143 0.6316964285714285 0.026785714285714284 0.02232142857142857
1 0.6227678571428571 0.6629464285714285 0.03125 0.03125
1 0.5602678571428571 0.6897321428571428 0.040178571428571425 0.03125
1 0.5892857142857143 0.7165178571428571 0.03571428571428571 0.03125
1 0.6294642857142857 0.7165178571428571 0.03571428571428571 0.03125
1 0.3995535714285714 0.6116071428571428 0.040178571428571425 0.026785714285714284
1 0.31473214285714285 0.53125 0.02232142857142857 0.017857142857142856
1 0.4352678571428571 0.5513392857142857 0.03125 0.02232142857142857
1 0.3482142857142857 0.5848214285714285 0.026785714285714284 0.026785714285714284
1 0.24107142857142855 0.5401785714285714 0.026785714285714284 0.017857142857142856
1 0.5267857142857143 0.75 0.03571428571428571 0.026785714285714284
2 0.5267857142857143 0.5401785714285714 0.09821428571428571 0.13392857142857142
1 0.5848214285714285 0.5535714285714285 0.03571428571428571 0.03571428571428571
