2 0.59375 0.33928571428571425 0.0625 0.07142857142857142
2 0.30803571428571425 0.43973214285714285 0.05357142857142857 0.08482142857142856
3 0.6428571428571428 0.49107142857142855 0.026785714285714284 0.017857142857142856
3 0.6227678571428571 0.44866071428571425 0.02232142857142857 0.013392857142857142
3 0.6383928571428571 0.5803571428571428 0.017857142857142856 0.017857142857142856
3 0.5602678571428571 0.5580357142857143 0.02232142857142857 0.017857142857142856
3 0.3839285714285714 0.5022321428571428 0.026785714285714284 0.013392857142857142
3 0.609375 0.6763392857142857 0.02232142857142857 0.02232142857142857
3 0.5892857142857143 0.6205357142857143 0.017857142857142856 0.017857142857142856
3 0.6116071428571428 0.6049107142857143 0.017857142857142856 0.013392857142857142
3 0.7165178571428571 0.609375 0.013392857142857142 0.013392857142857142
3 0.5 0.546875 0.017857142857142856 0.013392857142857142
3 0.578125 0.6808035714285714 0.013392857142857142 0.013392857142857142
3 0.6450892857142857 0.5111607142857143 0.013392857142857142 0.013392857142857142
3 0.5803571428571428 0.6049107142857143 0.017857142857142856 0.013392857142857142
3 0.45982142857142855 0.5491071428571428 0.026785714285714284 0.017857142857142856
3 0.5044642857142857 0.6205357142857143 0.026785714285714284 0.017857142857142856
3 0.6875 0.6919642857142857 0.017857142857142856 0.017857142857142856
3 0.6473214285714285 0.6808035714285714 0.017857142857142856 0.013392857142857142
3 0.6473214285714285 0.6584821428571428 0.017857142857142856 0.013392857142857142
0 0.5424107142857143 0.46428571428571425 0.6830357142857143 0.8660714285714285
