2 0.53125 0.296875 0.04464285714285714 0.040178571428571425
2 0.49553571428571425 0.43973214285714285 0.08035714285714285 0.05803571428571428
2 0.5803571428571428 0.43973214285714285 0.04464285714285714 0.040178571428571425
2 0.6629464285714285 0.5 0.03125 0.026785714285714284
2 0.640625 0.5401785714285714 0.03125 0.026785714285714284
3 0.5714285714285714 0.5200892857142857 0.026785714285714284 0.02232142857142857
3 0.6004464285714285 0.6316964285714285 0.03125 0.02232142857142857
3 0.49107142857142855 0.6919642857142857 0.03571428571428571 0.026785714285714284
3 0.4776785714285714 0.7566964285714285 0.026785714285714284 0.02232142857142857
3 0.6294642857142857 0.765625 0.026785714285714284 0.02232142857142857
3 0.5691964285714285 0.7745535714285714 0.02232142857142857 0.02232142857142857
2 0.4732142857142857 0.48660714285714285 0.026785714285714284 0.017857142857142856
2 0.5089285714285714 0.47991071428571425 0.03571428571428571 0.02232142857142857
0 0.515625 0.5401785714285714 0.5133928571428571 0.6517857142857143
