0 0.4977678571428571 0.5290178571428571 0.84375 0.8258928571428571
2 0.5647321428571428 0.3214285714285714 0.049107142857142856 0.03571428571428571
6 0.6116071428571428 0.375 0.04464285714285714 0.03571428571428571
6 0.7254464285714285 0.40625 0.040178571428571425 0.026785714285714284
6 0.3638392857142857 0.6183035714285714 0.03125 0.02232142857142857
6 0.703125 0.7366071428571428 0.040178571428571425 0.026785714285714284
6 0.8058035714285714 0.6741071428571428 0.03125 0.026785714285714284
1 0.6986607142857143 0.35491071428571425 0.02232142857142857 0.02232142857142857
2 0.5223214285714285 0.5736607142857143 0.026785714285714284 0.03125
2 0.5669642857142857 0.7276785714285714 0.03571428571428571 0.03571428571428571
