0 0.5357142857142857 0.5111607142857143 0.9196428571428571 0.9866071428571428
1 0.6651785714285714 0.5267857142857143 0.05357142857142857 0.04464285714285714
1 0.4776785714285714 0.53125 0.03571428571428571 0.03571428571428571
6 0.6450892857142857 0.7477678571428571 0.040178571428571425 0.049107142857142856
1 0.6741071428571428 0.7232142857142857 0.026785714285714284 0.026785714285714284
1 0.5401785714285714 0.7566964285714285 0.04464285714285714 0.03125
1 0.5044642857142857 0.34598214285714285 0.03571428571428571 0.02232142857142857
1 0.546875 0.390625 0.03125 0.03125
3 0.3214285714285714 0.44419642857142855 0.026785714285714284 0.02232142857142857
3 0.2388392857142857 0.4263392857142857 0.040178571428571425 0.03125
1 0.35491071428571425 0.3013392857142857 0.03125 0.040178571428571425
1 0.40848214285714285 0.3526785714285714 0.02232142857142857 0.026785714285714284
3 0.31026785714285715 0.3995535714285714 0.05803571428571428 0.040178571428571425
1 0.5691964285714285 0.4464285714285714 0.03125 0.026785714285714284
1 0.46428571428571425 0.5848214285714285 0.03571428571428571 0.026785714285714284
1 0.47544642857142855 0.7633928571428571 0.03125 0.026785714285714284
