0 0.4933035714285714 0.5267857142857143 0.9419642857142857 0.9285714285714285
2 0.59375 0.33482142857142855 0.05357142857142857 0.04464285714285714
6 0.6316964285714285 0.39285714285714285 0.049107142857142856 0.04464285714285714
6 0.7366071428571428 0.43973214285714285 0.04464285714285714 0.03125
6 0.34598214285714285 0.5959821428571428 0.03125 0.02232142857142857
6 0.6674107142857143 0.765625 0.040178571428571425 0.03125
6 0.7767857142857142 0.71875 0.03571428571428571 0.026785714285714284
1 0.7209821428571428 0.390625 0.02232142857142857 0.02232142857142857
2 0.5111607142857143 0.5758928571428571 0.03125 0.03571428571428571
2 0.5334821428571428 0.734375 0.040178571428571425 0.040178571428571425
