1 0.32589285714285715 0.45535714285714285 0.03571428571428571 0.03571428571428571
1 0.25 0.40625 0.03571428571428571 0.03571428571428571
1 0.1875 0.43973214285714285 0.04464285714285714 0.03125
1 0.125 0.6071428571428571 0.04464285714285714 0.03571428571428571
1 0.6316964285714285 0.37053571428571425 0.040178571428571425 0.03571428571428571
1 0.45982142857142855 0.41294642857142855 0.026785714285714284 0.02232142857142857
1 0.5133928571428571 0.33928571428571425 0.03571428571428571 0.026785714285714284
1 0.6830357142857143 0.32366071428571425 0.08928571428571427 0.05803571428571428
1 0.8325892857142857 0.45982142857142855 0.049107142857142856 0.03571428571428571
1 0.38169642857142855 0.6004464285714285 0.040178571428571425 0.03125
0 0.5133928571428571 0.5111607142857143 0.8928571428571428 0.4776785714285714
