3 0.6071428571428571 0.41741071428571425 0.0625 0.05803571428571428
3 0.6116071428571428 0.5535714285714285 0.07142857142857142 0.07142857142857142
3 0.6897321428571428 0.5290178571428571 0.08482142857142856 0.10267857142857142
3 0.7946428571428571 0.5491071428571428 0.026785714285714284 0.026785714285714284
3 0.6183035714285714 0.6116071428571428 0.02232142857142857 0.017857142857142856
3 0.7276785714285714 0.6183035714285714 0.026785714285714284 0.02232142857142857
3 0.6584821428571428 0.6741071428571428 0.040178571428571425 0.03571428571428571
7 0.6674107142857143 0.7299107142857142 0.03125 0.03125
3 0.703125 0.7879464285714285 0.05803571428571428 0.07589285714285714
3 0.6540178571428571 0.8571428571428571 0.03125 0.026785714285714284
3 0.6941964285714285 0.8482142857142857 0.03125 0.026785714285714284
3 0.5982142857142857 0.6316964285714285 0.017857142857142856 0.013392857142857142
3 0.6674107142857143 0.6071428571428571 0.02232142857142857 0.017857142857142856
3 0.7299107142857142 0.5758928571428571 0.03125 0.017857142857142856
1 0.5714285714285714 0.7388392857142857 0.05357142857142857 0.03125
3 0.6339285714285714 0.4776785714285714 0.026785714285714284 0.026785714285714284
3 0.7232142857142857 0.6763392857142857 0.017857142857142856 0.02232142857142857
3 0.6875 0.6651785714285714 0.017857142857142856 0.017857142857142856
3 0.7120535714285714 0.7098214285714285 0.013392857142857142 0.017857142857142856
0 0.5848214285714285 0.4888392857142857 0.7232142857142857 0.9508928571428571
