0 0.4620535714285714 0.49107142857142855 0.7366071428571428 0.9017857142857142
1 0.3325892857142857 0.26785714285714285 0.040178571428571425 0.026785714285714284
1 0.5915178571428571 0.23660714285714285 0.02232142857142857 0.026785714285714284
1 0.3883928571428571 0.33482142857142855 0.03571428571428571 0.026785714285714284
1 0.4464285714285714 0.33482142857142855 0.026785714285714284 0.026785714285714284
1 0.6294642857142857 0.359375 0.026785714285714284 0.02232142857142857
1 0.44866071428571425 0.39732142857142855 0.040178571428571425 0.026785714285714284
1 0.29910714285714285 0.43303571428571425 0.017857142857142856 0.017857142857142856
1 0.43303571428571425 0.65625 0.026785714285714284 0.026785714285714284
1 0.6986607142857143 0.4464285714285714 0.02232142857142857 0.017857142857142856
1 0.1875 0.4196428571428571 0.017857142857142856 0.017857142857142856
1 0.6651785714285714 0.5848214285714285 0.03571428571428571 0.026785714285714284
1 0.6026785714285714 0.578125 0.026785714285714284 0.013392857142857142
