0 0.7008928571428571 0.44419642857142855 0.17857142857142855 0.18303571428571427
0 0.65625 0.2745535714285714 0.14285714285714285 0.16517857142857142
0 0.8683035714285714 0.30803571428571425 0.16517857142857142 0.15178571428571427
0 0.14732142857142858 0.40625 0.2857142857142857 0.26785714285714285
1 0.6517857142857143 0.22991071428571427 0.017857142857142856 0.013392857142857142
1 0.671875 0.2388392857142857 0.013392857142857142 0.02232142857142857
1 0.6629464285714285 0.265625 0.013392857142857142 0.013392857142857142
1 0.671875 0.28348214285714285 0.013392857142857142 0.013392857142857142
1 0.7008928571428571 0.32589285714285715 0.017857142857142856 0.017857142857142856
1 0.7008928571428571 0.3883928571428571 0.017857142857142856 0.017857142857142856
1 0.703125 0.41294642857142855 0.013392857142857142 0.013392857142857142
1 0.7053571428571428 0.4464285714285714 0.017857142857142856 0.017857142857142856
1 0.875 0.29464285714285715 0.017857142857142856 0.017857142857142856
1 0.8370535714285714 0.3013392857142857 0.013392857142857142 0.013392857142857142
1 0.8482142857142857 0.31026785714285715 0.008928571428571428 0.013392857142857142
1 0.8504464285714285 0.3638392857142857 0.013392857142857142 0.013392857142857142
1 0.8705357142857142 0.3526785714285714 0.017857142857142856 0.008928571428571428
1 0.03571428571428571 0.4263392857142857 0.017857142857142856 0.013392857142857142
1 0.04241071428571428 0.40178571428571425 0.013392857142857142 0.008928571428571428
