4 0.828125 0.5245535714285714 0.3526785714285714 0.23660714285714285
0 0.4620535714285714 0.40625 0.2901785714285714 0.3839285714285714
0 0.5066964285714285 0.84375 0.33482142857142855 0.3214285714285714
2 0.390625 0.36607142857142855 0.05803571428571428 0.04464285714285714
2 0.47098214285714285 0.39285714285714285 0.06696428571428571 0.05357142857142857
2 0.42857142857142855 0.4508928571428571 0.03571428571428571 0.03571428571428571
2 0.42857142857142855 0.4888392857142857 0.03571428571428571 0.02232142857142857
2 0.5133928571428571 0.45535714285714285 0.05357142857142857 0.026785714285714284
2 0.53125 0.4196428571428571 0.03571428571428571 0.03571428571428571
2 0.5334821428571428 0.484375 0.06696428571428571 0.02232142857142857
2 0.5267857142857143 0.5178571428571428 0.04464285714285714 0.026785714285714284
2 0.47098214285714285 0.78125 0.040178571428571425 0.05357142857142857
2 0.453125 0.8348214285714285 0.05803571428571428 0.03571428571428571
2 0.5334821428571428 0.8772321428571428 0.03125 0.03125
2 0.4977678571428571 0.8995535714285714 0.03125 0.03125
2 0.37053571428571425 0.28348214285714285 0.026785714285714284 0.02232142857142857
2 0.42857142857142855 0.29464285714285715 0.05357142857142857 0.026785714285714284
2 0.4419642857142857 0.33482142857142855 0.03571428571428571 0.026785714285714284
2 0.47991071428571425 0.3214285714285714 0.02232142857142857 0.026785714285714284
