1 0.6651785714285714 0.29910714285714285 0.026785714285714284 0.026785714285714284
1 0.39285714285714285 0.3995535714285714 0.026785714285714284 0.02232142857142857
1 0.5558035714285714 0.5602678571428571 0.02232142857142857 0.02232142857142857
2 0.4620535714285714 0.5959821428571428 0.049107142857142856 0.03125
2 0.6116071428571428 0.46875 0.0625 0.03571428571428571
2 0.4665178571428571 0.34151785714285715 0.05803571428571428 0.05803571428571428
2 0.5602678571428571 0.6339285714285714 0.05803571428571428 0.026785714285714284
2 0.453125 0.7142857142857142 0.040178571428571425 0.04464285714285714
1 0.4040178571428571 0.6763392857142857 0.02232142857142857 0.02232142857142857
0 0.5379464285714285 0.48660714285714285 0.5669642857142857 0.6339285714285714
