4 0.1919642857142857 0.33928571428571425 0.2857142857142857 0.2857142857142857
4 0.6517857142857143 0.5625 0.4375 0.14285714285714285
2 0.5803571428571428 0.5223214285714285 0.05357142857142857 0.03571428571428571
2 0.625 0.5691964285714285 0.05357142857142857 0.05803571428571428
2 0.6651785714285714 0.5334821428571428 0.03571428571428571 0.040178571428571425
2 0.4821428571428571 0.5736607142857143 0.04464285714285714 0.03125
2 0.6941964285714285 0.5803571428571428 0.040178571428571425 0.026785714285714284
2 0.5491071428571428 0.59375 0.04464285714285714 0.026785714285714284
0 0.5714285714285714 0.34375 0.27678571428571425 0.2857142857142857
2 0.5446428571428571 0.3995535714285714 0.04464285714285714 0.040178571428571425
2 0.6383928571428571 0.3571428571428571 0.04464285714285714 0.04464285714285714
