0 0.5625 0.48660714285714285 0.8839285714285714 0.9642857142857142
1 0.5870535714285714 0.5334821428571428 0.05803571428571428 0.040178571428571425
7 0.5223214285714285 0.7321428571428571 0.03571428571428571 0.03571428571428571
2 0.47544642857142855 0.22991071428571427 0.06696428571428571 0.05803571428571428
2 0.625 0.3883928571428571 0.0625 0.0625
2 0.7611607142857142 0.328125 0.07589285714285714 0.05803571428571428
3 0.38169642857142855 0.515625 0.02232142857142857 0.02232142857142857
3 0.6316964285714285 0.7276785714285714 0.03125 0.026785714285714284
3 0.9553571428571428 0.4575892857142857 0.026785714285714284 0.02232142857142857
7 0.6383928571428571 0.8370535714285714 0.026785714285714284 0.02232142857142857
