1 0.5424107142857143 0.2589285714285714 0.040178571428571425 0.026785714285714284
1 0.45982142857142855 0.3169642857142857 0.026785714285714284 0.026785714285714284
1 0.3125 0.3794642857142857 0.03571428571428571 0.026785714285714284
1 0.27678571428571425 0.3683035714285714 0.026785714285714284 0.02232142857142857
1 0.5379464285714285 0.4821428571428571 0.05803571428571428 0.03571428571428571
1 0.5825892857142857 0.4419642857142857 0.040178571428571425 0.017857142857142856
1 0.65625 0.4464285714285714 0.07142857142857142 0.03571428571428571
1 0.6116071428571428 0.6004464285714285 0.04464285714285714 0.040178571428571425
1 0.5558035714285714 0.625 0.03125 0.017857142857142856
1 0.5602678571428571 0.5959821428571428 0.02232142857142857 0.02232142857142857
1 0.421875 0.671875 0.02232142857142857 0.02232142857142857
1 0.4151785714285714 0.7254464285714285 0.05357142857142857 0.03125
1 0.44419642857142855 0.390625 0.040178571428571425 0.02232142857142857
1 0.47544642857142855 0.11160714285714285 0.049107142857142856 0.026785714285714284
0 0.5 0.47544642857142855 0.5803571428571428 0.7723214285714285
