1 0.5245535714285714 0.4732142857142857 0.02232142857142857 0.008928571428571428
1 0.390625 0.5535714285714285 0.013392857142857142 0.008928571428571428
1 0.28125 0.5959821428571428 0.017857142857142856 0.013392857142857142
1 0.48660714285714285 0.40848214285714285 0.017857142857142856 0.013392857142857142
1 0.5870535714285714 0.2857142857142857 0.02232142857142857 0.017857142857142856
1 0.7410714285714285 0.3325892857142857 0.017857142857142856 0.013392857142857142
1 0.4933035714285714 0.34151785714285715 0.013392857142857142 0.013392857142857142
1 0.40848214285714285 0.6272321428571428 0.013392857142857142 0.013392857142857142
1 0.6316964285714285 0.34151785714285715 0.013392857142857142 0.013392857142857142
1 0.5513392857142857 0.40848214285714285 0.013392857142857142 0.013392857142857142
1 0.4464285714285714 0.46875 0.017857142857142856 0.017857142857142856
1 0.5736607142857143 0.3727678571428571 0.02232142857142857 0.02232142857142857
0 0.484375 0.47544642857142855 0.59375 0.43303571428571425
