0 0.42857142857142855 0.5558035714285714 0.4375 0.71875
3 0.3727678571428571 0.40625 0.03125 0.026785714285714284
3 0.4508928571428571 0.37053571428571425 0.026785714285714284 0.017857142857142856
3 0.49553571428571425 0.34598214285714285 0.026785714285714284 0.02232142857142857
3 0.3794642857142857 0.5245535714285714 0.026785714285714284 0.02232142857142857
3 0.40848214285714285 0.5714285714285714 0.02232142857142857 0.017857142857142856
3 0.4665178571428571 0.49553571428571425 0.02232142857142857 0.017857142857142856
3 0.48660714285714285 0.5267857142857143 0.05357142857142857 0.03571428571428571
1 0.43303571428571425 0.7589285714285714 0.026785714285714284 0.026785714285714284
1 0.5513392857142857 0.6584821428571428 0.02232142857142857 0.02232142857142857
