0 0.44419642857142855 0.5446428571428571 0.5669642857142857 0.7857142857142857
1 0.5892857142857143 0.39732142857142855 0.03571428571428571 0.026785714285714284
1 0.31473214285714285 0.32366071428571425 0.02232142857142857 0.02232142857142857
1 0.328125 0.453125 0.03125 0.02232142857142857
1 0.40178571428571425 0.5044642857142857 0.026785714285714284 0.017857142857142856
2 0.34598214285714285 0.6383928571428571 0.08482142857142856 0.08035714285714285
1 0.546875 0.4933035714285714 0.040178571428571425 0.03125
1 0.6004464285714285 0.48660714285714285 0.03125 0.017857142857142856
1 0.6495535714285714 0.5178571428571428 0.03125 0.026785714285714284
1 0.39285714285714285 0.5357142857142857 0.05357142857142857 0.017857142857142856
1 0.5558035714285714 0.703125 0.040178571428571425 0.03125
1 0.5111607142857143 0.5714285714285714 0.02232142857142857 0.017857142857142856
1 0.4308035714285714 0.5580357142857143 0.02232142857142857 0.017857142857142856
1 0.5200892857142857 0.6071428571428571 0.03125 0.017857142857142856
1 0.38616071428571425 0.7522321428571428 0.02232142857142857 0.03125
1 0.42857142857142855 0.8348214285714285 0.017857142857142856 0.017857142857142856
1 0.5357142857142857 0.7678571428571428 0.017857142857142856 0.026785714285714284
