2 0.6026785714285714 0.27901785714285715 0.04464285714285714 0.03125
7 0.5379464285714285 0.28348214285714285 0.02232142857142857 0.02232142857142857
2 0.6026785714285714 0.6227678571428571 0.04464285714285714 0.040178571428571425
2 0.5245535714285714 0.5558035714285714 0.040178571428571425 0.040178571428571425
2 0.45535714285714285 0.7522321428571428 0.017857142857142856 0.02232142857142857
2 0.4821428571428571 0.8080357142857142 0.03571428571428571 0.03571428571428571
2 0.6272321428571428 0.7299107142857142 0.03125 0.02232142857142857
2 0.6584821428571428 0.6138392857142857 0.03125 0.040178571428571425
2 0.37723214285714285 0.5848214285714285 0.03125 0.026785714285714284
3 0.37053571428571425 0.7120535714285714 0.05357142857142857 0.03125
2 0.625 0.48660714285714285 0.03571428571428571 0.026785714285714284
2 0.75 0.4196428571428571 0.017857142857142856 0.04464285714285714
0 0.5401785714285714 0.5959821428571428 0.45535714285714285 0.7991071428571428
