0 0.31919642857142855 0.5446428571428571 0.5758928571428571 0.6428571428571428
3 0.23214285714285712 0.34375 0.04464285714285714 0.05357142857142857
3 0.28794642857142855 0.4107142857142857 0.10267857142857142 0.0625
3 0.3013392857142857 0.3683035714285714 0.05803571428571428 0.03125
3 0.37723214285714285 0.6316964285714285 0.040178571428571425 0.06696428571428571
3 0.45982142857142855 0.7589285714285714 0.0625 0.07142857142857142
3 0.3370535714285714 0.5714285714285714 0.06696428571428571 0.07142857142857142
3 0.19419642857142855 0.44866071428571425 0.07589285714285714 0.040178571428571425
3 0.2589285714285714 0.5357142857142857 0.08928571428571427 0.07142857142857142
3 0.28125 0.7053571428571428 0.08035714285714285 0.07142857142857142
3 0.4732142857142857 0.6919642857142857 0.08928571428571427 0.0625
3 0.32589285714285715 0.45982142857142855 0.07142857142857142 0.03571428571428571
3 0.3727678571428571 0.515625 0.05803571428571428 0.049107142857142856
3 0.39732142857142855 0.7410714285714285 0.04464285714285714 0.08035714285714285
