6 0.46875 0.5424107142857143 0.0625 0.049107142857142856
3 0.4464285714285714 0.5044642857142857 0.026785714285714284 0.017857142857142856
3 0.4933035714285714 0.49107142857142855 0.02232142857142857 0.017857142857142856
1 0.5446428571428571 0.6607142857142857 0.03571428571428571 0.017857142857142856
3 0.31919642857142855 0.5848214285714285 0.03125 0.017857142857142856
3 0.31473214285714285 0.8348214285714285 0.040178571428571425 0.03571428571428571
3 0.6339285714285714 0.5424107142857143 0.026785714285714284 0.013392857142857142
3 0.17410714285714285 0.7790178571428571 0.026785714285714284 0.013392857142857142
3 0.26339285714285715 0.7946428571428571 0.017857142857142856 0.026785714285714284
5 0.30357142857142855 0.16964285714285712 0.5982142857142857 0.25
0 0.3883928571428571 0.6473214285714285 0.7678571428571428 0.6339285714285714
