1 0.5111607142857143 0.4575892857142857 0.040178571428571425 0.03125
1 0.5959821428571428 0.7745535714285714 0.03125 0.03125
1 0.5223214285714285 0.6986607142857143 0.03571428571428571 0.02232142857142857
1 0.5 0.5602678571428571 0.03571428571428571 0.02232142857142857
1 0.7388392857142857 0.78125 0.02232142857142857 0.026785714285714284
1 0.44419642857142855 0.875 0.03125 0.026785714285714284
1 0.43303571428571425 0.37053571428571425 0.03571428571428571 0.017857142857142856
0 0.5401785714285714 0.6383928571428571 0.5267857142857143 0.7321428571428571
2 0.6450892857142857 0.7232142857142857 0.07589285714285714 0.04464285714285714
2 0.5647321428571428 0.6049107142857143 0.03125 0.03125
