1 0.5178571428571428 0.45982142857142855 0.04464285714285714 0.03571428571428571
1 0.5401785714285714 0.7857142857142857 0.03571428571428571 0.03571428571428571
1 0.4821428571428571 0.6964285714285714 0.03571428571428571 0.026785714285714284
1 0.48660714285714285 0.5580357142857143 0.03571428571428571 0.026785714285714284
1 0.6785714285714285 0.8236607142857142 0.026785714285714284 0.03125
1 0.3683035714285714 0.8549107142857142 0.03125 0.03125
1 0.46428571428571425 0.35491071428571425 0.03571428571428571 0.02232142857142857
0 0.5089285714285714 0.6205357142857143 0.6428571428571428 0.7678571428571428
2 0.5982142857142857 0.7455357142857142 0.08035714285714285 0.05357142857142857
2 0.5446428571428571 0.6116071428571428 0.03571428571428571 0.03571428571428571
