3 0.4151785714285714 0.4375 0.0625 0.0625
3 0.5334821428571428 0.47991071428571425 0.09375 0.07589285714285714
3 0.5513392857142857 0.5714285714285714 0.10267857142857142 0.08928571428571427
3 0.5825892857142857 0.6674107142857143 0.09375 0.08482142857142856
3 0.5379464285714285 0.7299107142857142 0.10267857142857142 0.09375
3 0.4977678571428571 0.8191964285714285 0.049107142857142856 0.06696428571428571
3 0.6071428571428571 0.7834821428571428 0.08035714285714285 0.09375
3 0.32366071428571425 0.5803571428571428 0.06696428571428571 0.08928571428571427
3 0.33928571428571425 0.5022321428571428 0.05357142857142857 0.06696428571428571
3 0.46428571428571425 0.6049107142857143 0.08035714285714285 0.09375
3 0.5267857142857143 0.8727678571428571 0.0625 0.10267857142857142
3 0.3325892857142857 0.6808035714285714 0.049107142857142856 0.049107142857142856
3 0.28348214285714285 0.7544642857142857 0.040178571428571425 0.05357142857142857
3 0.45535714285714285 0.7254464285714285 0.03571428571428571 0.03125
3 0.6294642857142857 0.5178571428571428 0.09821428571428571 0.11607142857142856
3 0.37723214285714285 0.7879464285714285 0.03125 0.03125
3 0.4575892857142857 0.7678571428571428 0.049107142857142856 0.04464285714285714
3 0.33482142857142855 0.8013392857142857 0.05357142857142857 0.03125
0 0.4575892857142857 0.6607142857142857 0.5758928571428571 0.6875
