2 0.6383928571428571 0.29910714285714285 0.04464285714285714 0.03571428571428571
7 0.5714285714285714 0.2901785714285714 0.026785714285714284 0.026785714285714284
2 0.5825892857142857 0.6383928571428571 0.049107142857142856 0.04464285714285714
2 0.515625 0.5580357142857143 0.049107142857142856 0.04464285714285714
2 0.41741071428571425 0.7410714285714285 0.02232142857142857 0.026785714285714284
2 0.4352678571428571 0.8013392857142857 0.040178571428571425 0.040178571428571425
2 0.5892857142857143 0.7455357142857142 0.03571428571428571 0.026785714285714284
2 0.640625 0.6383928571428571 0.040178571428571425 0.04464285714285714
2 0.36607142857142855 0.5625 0.03571428571428571 0.03571428571428571
3 0.3370535714285714 0.6875 0.05803571428571428 0.03571428571428571
2 0.6294642857142857 0.5066964285714285 0.03571428571428571 0.03125
2 0.7633928571428571 0.4620535714285714 0.026785714285714284 0.049107142857142856
0 0.5245535714285714 0.5870535714285714 0.5758928571428571 0.8348214285714285
