3 0.5647321428571428 0.4776785714285714 0.040178571428571425 0.04464285714285714
3 0.6138392857142857 0.5044642857142857 0.049107142857142856 0.08928571428571427
3 0.47098214285714285 0.6584821428571428 0.040178571428571425 0.049107142857142856
3 0.5513392857142857 0.30803571428571425 0.02232142857142857 0.017857142857142856
3 0.5870535714285714 0.6517857142857143 0.02232142857142857 0.017857142857142856
3 0.5758928571428571 0.7477678571428571 0.017857142857142856 0.02232142857142857
3 0.5959821428571428 0.7388392857142857 0.013392857142857142 0.02232142857142857
3 0.6026785714285714 0.5892857142857143 0.017857142857142856 0.026785714285714284
3 0.6026785714285714 0.6183035714285714 0.017857142857142856 0.02232142857142857
3 0.6361607142857143 0.6294642857142857 0.02232142857142857 0.026785714285714284
3 0.5982142857142857 0.24107142857142855 0.017857142857142856 0.017857142857142856
3 0.6026785714285714 0.2745535714285714 0.017857142857142856 0.02232142857142857
3 0.6227678571428571 0.4352678571428571 0.02232142857142857 0.02232142857142857
3 0.4508928571428571 0.5848214285714285 0.026785714285714284 0.026785714285714284
3 0.5647321428571428 0.37053571428571425 0.049107142857142856 0.07142857142857142
