3 0.6696428571428571 0.453125 0.017857142857142856 0.013392857142857142
3 0.5491071428571428 0.41294642857142855 0.017857142857142856 0.013392857142857142
3 0.49553571428571425 0.33482142857142855 0.017857142857142856 0.008928571428571428
3 0.5066964285714285 0.33035714285714285 0.013392857142857142 0.008928571428571428
3 0.421875 0.3482142857142857 0.013392857142857142 0.008928571428571428
3 0.3883928571428571 0.6026785714285714 0.026785714285714284 0.017857142857142856
3 0.484375 0.6361607142857143 0.013392857142857142 0.013392857142857142
1 0.5647321428571428 0.5111607142857143 0.02232142857142857 0.013392857142857142
1 0.40178571428571425 0.5089285714285714 0.017857142857142856 0.017857142857142856
0 0.5267857142857143 0.53125 0.4196428571428571 0.5625
