0 0.4508928571428571 0.5044642857142857 0.8392857142857142 0.8125
1 0.6339285714285714 0.28348214285714285 0.03571428571428571 0.03125
1 0.5736607142857143 0.3125 0.03125 0.026785714285714284
1 0.5089285714285714 0.35044642857142855 0.03571428571428571 0.03125
1 0.29464285714285715 0.29241071428571425 0.04464285714285714 0.03125
1 0.20982142857142855 0.6763392857142857 0.04464285714285714 0.040178571428571425
1 0.42857142857142855 0.6049107142857143 0.03571428571428571 0.03125
1 0.36607142857142855 0.6741071428571428 0.03571428571428571 0.026785714285714284
1 0.6540178571428571 0.7566964285714285 0.040178571428571425 0.049107142857142856
2 0.5401785714285714 0.6205357142857143 0.07142857142857142 0.05357142857142857
1 0.41741071428571425 0.6830357142857143 0.02232142857142857 0.017857142857142856
1 0.49553571428571425 0.7433035714285714 0.026785714285714284 0.03125
1 0.6741071428571428 0.31026785714285715 0.026785714285714284 0.02232142857142857
1 0.23660714285714285 0.703125 0.026785714285714284 0.02232142857142857
1 0.5044642857142857 0.8526785714285714 0.03571428571428571 0.026785714285714284
