1 0.43303571428571425 0.6473214285714285 0.03571428571428571 0.026785714285714284
1 0.43303571428571425 0.6875 0.026785714285714284 0.026785714285714284
2 0.5736607142857143 0.45982142857142855 0.05803571428571428 0.05357142857142857
1 0.609375 0.4352678571428571 0.049107142857142856 0.03125
1 0.5892857142857143 0.5245535714285714 0.11607142857142856 0.05803571428571428
1 0.6227678571428571 0.5848214285714285 0.08482142857142856 0.0625
1 0.6941964285714285 0.5290178571428571 0.049107142857142856 0.040178571428571425
1 0.4821428571428571 0.5602678571428571 0.04464285714285714 0.03125
1 0.5691964285714285 0.7700892857142857 0.040178571428571425 0.03125
1 0.4732142857142857 0.7053571428571428 0.05357142857142857 0.05357142857142857
2 0.3727678571428571 0.5803571428571428 0.040178571428571425 0.03571428571428571
1 0.3794642857142857 0.43303571428571425 0.026785714285714284 0.026785714285714284
0 0.5267857142857143 0.578125 0.7053571428571428 0.7723214285714285
