3 0.3482142857142857 0.6138392857142857 0.0625 0.040178571428571425
3 0.23660714285714285 0.6674107142857143 0.03571428571428571 0.03125
3 0.31473214285714285 0.7455357142857142 0.02232142857142857 0.017857142857142856
3 0.47991071428571425 0.6116071428571428 0.09375 0.11607142857142856
3 0.40625 0.7433035714285714 0.017857142857142856 0.02232142857142857
3 0.34151785714285715 0.6852678571428571 0.02232142857142857 0.013392857142857142
3 0.29464285714285715 0.6450892857142857 0.03571428571428571 0.02232142857142857
3 0.2075892857142857 0.6205357142857143 0.02232142857142857 0.017857142857142856
3 0.27232142857142855 0.7053571428571428 0.017857142857142856 0.017857142857142856
3 0.6651785714285714 0.7321428571428571 0.026785714285714284 0.026785714285714284
3 0.5334821428571428 0.6785714285714285 0.013392857142857142 0.026785714285714284
3 0.5625 0.6495535714285714 0.017857142857142856 0.013392857142857142
3 0.5870535714285714 0.7053571428571428 0.06696428571428571 0.026785714285714284
3 0.43303571428571425 0.796875 0.026785714285714284 0.013392857142857142
3 0.4196428571428571 0.6383928571428571 0.026785714285714284 0.026785714285714284
3 0.36607142857142855 0.6674107142857143 0.026785714285714284 0.013392857142857142
3 0.7098214285714285 0.7232142857142857 0.026785714285714284 0.017857142857142856
3 0.3370535714285714 0.7366071428571428 0.013392857142857142 0.017857142857142856
0 0.5111607142857143 0.6830357142857143 0.6741071428571428 0.33928571428571425
