0 0.6160714285714285 0.5625 0.49107142857142855 0.4821428571428571
3 0.6986607142857143 0.4352678571428571 0.02232142857142857 0.013392857142857142
3 0.5736607142857143 0.65625 0.02232142857142857 0.017857142857142856
3 0.6138392857142857 0.6540178571428571 0.013392857142857142 0.013392857142857142
3 0.6205357142857143 0.5334821428571428 0.017857142857142856 0.02232142857142857
3 0.4620535714285714 0.6316964285714285 0.013392857142857142 0.013392857142857142
3 0.5245535714285714 0.6741071428571428 0.02232142857142857 0.017857142857142856
3 0.6205357142857143 0.7209821428571428 0.017857142857142856 0.013392857142857142
3 0.7254464285714285 0.3883928571428571 0.013392857142857142 0.008928571428571428
3 0.6138392857142857 0.40178571428571425 0.013392857142857142 0.008928571428571428
3 0.5825892857142857 0.53125 0.02232142857142857 0.017857142857142856
