0 0.39732142857142855 0.5245535714285714 0.7678571428571428 0.5401785714285714
1 0.22544642857142855 0.49553571428571425 0.03125 0.03571428571428571
1 0.4732142857142857 0.5133928571428571 0.026785714285714284 0.03571428571428571
1 0.6004464285714285 0.4352678571428571 0.03125 0.03125
1 0.5915178571428571 0.49107142857142855 0.02232142857142857 0.026785714285714284
1 0.5334821428571428 0.4977678571428571 0.02232142857142857 0.03125
1 0.6071428571428571 0.5491071428571428 0.017857142857142856 0.026785714285714284
1 0.5446428571428571 0.6383928571428571 0.017857142857142856 0.026785714285714284
1 0.4977678571428571 0.6450892857142857 0.02232142857142857 0.02232142857142857
1 0.46428571428571425 0.6607142857142857 0.017857142857142856 0.017857142857142856
1 0.39732142857142855 0.6629464285714285 0.008928571428571428 0.013392857142857142
1 0.6517857142857143 0.4977678571428571 0.017857142857142856 0.02232142857142857
1 0.5446428571428571 0.3950892857142857 0.017857142857142856 0.03125
1 0.5178571428571428 0.47544642857142855 0.017857142857142856 0.02232142857142857
1 0.5200892857142857 0.43303571428571425 0.013392857142857142 0.026785714285714284
1 0.5825892857142857 0.6026785714285714 0.013392857142857142 0.017857142857142856
1 0.6138392857142857 0.515625 0.013392857142857142 0.02232142857142857
1 0.5 0.6741071428571428 0.017857142857142856 0.017857142857142856
