3 0.3995535714285714 0.45535714285714285 0.02232142857142857 0.017857142857142856
3 0.43303571428571425 0.4776785714285714 0.017857142857142856 0.017857142857142856
3 0.40625 0.5133928571428571 0.026785714285714284 0.017857142857142856
3 0.4508928571428571 0.578125 0.017857142857142856 0.02232142857142857
3 0.515625 0.5736607142857143 0.03125 0.02232142857142857
3 0.640625 0.4308035714285714 0.02232142857142857 0.02232142857142857
3 0.37723214285714285 0.3638392857142857 0.02232142857142857 0.02232142857142857
3 0.6607142857142857 0.5357142857142857 0.017857142857142856 0.017857142857142856
3 0.625 0.6629464285714285 0.017857142857142856 0.013392857142857142
3 0.5736607142857143 0.18303571428571427 0.03125 0.026785714285714284
3 0.65625 0.15625 0.03571428571428571 0.026785714285714284
3 0.5758928571428571 0.13616071428571427 0.03571428571428571 0.03125
3 0.515625 0.19419642857142855 0.02232142857142857 0.02232142857142857
0 0.6495535714285714 0.17857142857142855 0.3883928571428571 0.26785714285714285
0 0.546875 0.5401785714285714 0.5133928571428571 0.5625
